Segundos              = 369.671697304 
alfa Weighted Sum     = 0.5 
n° iter               = 1 
Estructura vecindario = 1 
Vecinos por iteración = 1 
N° clusters           = 15 
N° estaciones         = 452 
1° FO Weighted Sum    = 158244.99122806627
1° FO1                = 316489.0
1° FO2                = 0.9824561325271641
Archivo [1] 
C               = [0, 0, 0, 1, 0, 0, 0, 0, 0, 0, 0, 0, 0, 0, 0, 0, 0, 0, 0, 0, 0, 0, 0, 0, 0, 0, 0, 0, 0, 0, 0, 0, 0, 0, 0, 0, 0, 0, 0, 0, 0, 0, 0, 0, 0, 0, 0, 0, 0, 0, 0, 0, 0, 0, 0, 0, 0, 0, 0, 0, 0, 0, 0, 0, 0, 0, 0, 0, 0, 0, 0, 0, 0, 0, 0, 0, 0, 0, 0, 0, 0, 0, 0, 0, 0, 0, 0, 0, 1, 0, 0, 0, 0, 0, 0, 0, 0, 0, 0, 0, 0, 0, 0, 0, 0, 0, 0, 0, 0, 0, 0, 0, 0, 0, 0, 0, 0, 0, 0, 0, 0, 0, 0, 0, 0, 0, 1, 0, 0, 0, 0, 0, 0, 0, 0, 0, 0, 0, 0, 0, 0, 1, 0, 0, 0, 0, 0, 0, 0, 0, 0, 0, 0, 0, 0, 0, 0, 0, 0, 0, 0, 0, 1, 0, 0, 0, 0, 0, 0, 0, 0, 0, 0, 0, 0, 0, 0, 0, 0, 0, 0, 0, 0, 0, 0, 0, 0, 0, 1, 0, 0, 0, 0, 0, 0, 0, 0, 0, 0, 0, 0, 0, 0, 0, 0, 0, 0, 0, 0, 0, 0, 0, 0, 0, 1, 0, 0, 0, 0, 0, 0, 0, 0, 0, 0, 0, 0, 0, 0, 0, 0, 0, 0, 0, 0, 0, 0, 0, 0, 0, 0, 0, 0, 1, 0, 0, 0, 0, 0, 0, 0, 0, 0, 0, 0, 0, 0, 0, 0, 0, 0, 0, 0, 0, 0, 0, 0, 0, 0, 0, 0, 0, 0, 0, 1, 0, 0, 0, 0, 0, 0, 0, 0, 0, 1, 0, 0, 0, 0, 0, 0, 0, 1, 0, 0, 0, 0, 0, 0, 0, 0, 0, 0, 0, 0, 0, 0, 0, 0, 0, 0, 0, 0, 0, 0, 0, 0, 0, 0, 0, 0, 0, 0, 0, 0, 0, 0, 0, 0, 0, 0, 0, 0, 0, 0, 0, 0, 0, 1, 0, 0, 0, 0, 0, 0, 0, 0, 0, 0, 0, 0, 0, 0, 0, 0, 0, 0, 0, 0, 0, 0, 0, 0, 0, 0, 0, 0, 0, 0, 0, 0, 0, 0, 0, 0, 0, 0, 0, 0, 0, 0, 0, 0, 0, 0, 0, 0, 0, 0, 0, 1, 0, 0, 0, 0, 0, 0, 0, 0, 0, 1, 0, 0, 0, 0, 0, 0, 0, 0, 0, 0, 0, 0, 0, 0, 0, 0, 0, 0, 0, 0, 0, 0, 0, 0, 0, 0, 0, 0, 0, 0, 0, 0, 0, 0, 1, 0, 0, 0, 0, 0, 0, 0, 0, 0, 0, 0, 0, 0, 0, 0, 0] 
E               = [4, 4, 127, 4, 4, 4, 4, 127, 4, 275, 4, 127, 4, 4, 4, 4, 4, 4, 127, 127, 4, 4, 4, 4, 4, 275, 127, 4, 275, 127, 127, 4, 4, 127, 127, 4, 4, 4, 4, 127, 275, 142, 275, 4, 142, 142, 142, 275, 142, 142, 142, 89, 189, 142, 89, 142, 142, 142, 142, 189, 142, 142, 142, 142, 89, 189, 142, 142, 142, 142, 142, 189, 285, 142, 285, 142, 285, 285, 285, 285, 142, 89, 285, 142, 4, 127, 89, 89, 89, 89, 89, 89, 89, 89, 89, 89, 89, 127, 89, 89, 89, 89, 275, 89, 89, 89, 127, 127, 89, 89, 4, 275, 127, 127, 127, 127, 127, 127, 127, 127, 127, 127, 127, 127, 127, 127, 127, 127, 127, 127, 127, 127, 127, 127, 127, 142, 127, 127, 142, 127, 142, 142, 142, 127, 142, 142, 142, 163, 163, 142, 142, 142, 142, 142, 163, 163, 142, 163, 163, 275, 142, 163, 163, 293, 163, 189, 285, 285, 285, 189, 285, 285, 285, 275, 285, 275, 189, 285, 285, 285, 285, 285, 275, 189, 189, 189, 189, 189, 189, 189, 189, 215, 215, 4, 4, 244, 215, 215, 215, 244, 244, 215, 215, 244, 244, 215, 244, 244, 215, 215, 244, 244, 215, 215, 215, 215, 4, 244, 215, 215, 215, 215, 215, 244, 244, 4, 215, 215, 215, 215, 215, 4, 215, 215, 215, 215, 215, 215, 4, 215, 215, 215, 244, 244, 244, 4, 4, 4, 4, 4, 4, 4, 4, 275, 275, 275, 4, 189, 275, 275, 4, 89, 275, 275, 275, 275, 275, 275, 275, 275, 275, 275, 275, 275, 275, 163, 163, 293, 293, 163, 163, 293, 293, 285, 285, 285, 285, 285, 285, 285, 293, 293, 293, 293, 293, 293, 293, 293, 293, 293, 293, 293, 285, 285, 285, 285, 285, 285, 285, 285, 285, 285, 285, 285, 285, 293, 293, 293, 293, 339, 339, 339, 339, 339, 339, 285, 285, 285, 285, 285, 285, 391, 285, 285, 339, 339, 339, 339, 339, 339, 339, 339, 339, 339, 339, 391, 391, 391, 391, 391, 391, 391, 391, 391, 391, 339, 339, 339, 339, 401, 391, 391, 391, 391, 391, 391, 391, 391, 391, 391, 391, 391, 401, 401, 401, 401, 401, 401, 391, 391, 391, 391, 391, 391, 391, 391, 391, 391, 391, 391, 391, 391, 391, 391, 401, 391, 401, 401, 401, 401, 401, 401, 401, 401, 401, 401, 401, 401, 401, 401, 401, 401, 436, 391, 391, 391, 391, 391, 391, 391, 436, 436, 436, 436, 401, 401, 401, 401, 401, 401, 401, 401, 436, 436, 436, 436, 436, 436, 436, 436, 436, 401, 401, 401, 401, 401, 4, 89, 4, 275, 215, 4] 
FO Weighted Sum = 158244.99122806627 
FO1             = 316489.0 
FO2             = 0.9824561325271641 
Archivo [2] 
C               = [0, 0, 0, 1, 0, 0, 0, 0, 0, 0, 0, 0, 0, 0, 0, 0, 0, 0, 0, 0, 0, 0, 0, 0, 0, 0, 0, 0, 0, 0, 0, 0, 0, 0, 0, 0, 0, 0, 0, 0, 0, 0, 0, 0, 0, 0, 0, 0, 0, 0, 0, 0, 0, 0, 0, 0, 0, 0, 0, 0, 0, 0, 0, 0, 0, 0, 0, 0, 0, 0, 0, 0, 0, 0, 0, 0, 0, 0, 0, 0, 0, 0, 0, 0, 0, 0, 0, 0, 1, 0, 0, 0, 0, 0, 0, 0, 0, 0, 0, 0, 0, 0, 0, 0, 0, 0, 0, 0, 0, 0, 0, 0, 0, 0, 0, 0, 0, 0, 0, 0, 0, 0, 0, 0, 0, 0, 1, 0, 0, 0, 0, 0, 0, 0, 0, 0, 0, 0, 0, 0, 0, 1, 0, 0, 0, 0, 0, 0, 0, 0, 0, 0, 0, 0, 0, 0, 0, 0, 0, 0, 0, 0, 1, 0, 0, 0, 0, 0, 0, 0, 0, 0, 0, 0, 0, 0, 0, 0, 0, 0, 0, 0, 0, 0, 0, 0, 0, 0, 1, 0, 0, 0, 0, 0, 0, 0, 0, 0, 0, 0, 0, 0, 0, 0, 0, 0, 0, 0, 0, 0, 0, 0, 0, 0, 1, 0, 0, 0, 0, 0, 0, 0, 0, 0, 0, 0, 0, 0, 0, 0, 0, 0, 0, 0, 0, 0, 0, 0, 0, 0, 0, 0, 0, 1, 0, 0, 0, 0, 0, 0, 0, 0, 0, 0, 0, 0, 0, 0, 0, 0, 0, 0, 0, 0, 0, 0, 0, 0, 0, 0, 0, 0, 0, 0, 1, 0, 0, 0, 0, 0, 0, 0, 0, 0, 1, 0, 0, 0, 0, 0, 0, 0, 1, 0, 0, 0, 0, 0, 0, 0, 0, 0, 0, 0, 0, 0, 0, 0, 0, 0, 0, 0, 0, 0, 0, 0, 0, 0, 0, 0, 0, 0, 0, 0, 0, 0, 0, 0, 0, 0, 0, 0, 0, 0, 0, 0, 0, 0, 1, 0, 0, 0, 0, 0, 0, 0, 0, 0, 0, 0, 0, 0, 0, 0, 0, 0, 0, 0, 0, 0, 0, 0, 0, 0, 0, 0, 0, 0, 0, 0, 0, 0, 0, 0, 0, 0, 0, 0, 0, 0, 0, 0, 0, 0, 0, 0, 0, 0, 0, 0, 1, 0, 0, 0, 0, 0, 0, 0, 0, 0, 1, 0, 0, 0, 0, 0, 0, 0, 0, 0, 0, 0, 0, 0, 0, 0, 0, 0, 0, 0, 0, 0, 0, 0, 0, 0, 0, 0, 0, 0, 0, 0, 0, 0, 1, 0, 0, 0, 0, 0, 0, 0, 0, 0, 0, 0, 0, 0, 0, 0, 0, 0] 
E               = [4, 4, 127, 4, 4, 4, 4, 127, 4, 275, 4, 127, 4, 4, 4, 4, 4, 4, 127, 127, 4, 4, 4, 4, 4, 275, 127, 4, 275, 127, 127, 4, 4, 127, 127, 4, 4, 4, 4, 127, 275, 142, 275, 4, 142, 142, 142, 275, 142, 142, 142, 89, 189, 142, 89, 142, 142, 142, 142, 189, 142, 142, 142, 142, 89, 189, 142, 142, 142, 142, 142, 189, 285, 142, 285, 142, 285, 285, 285, 285, 142, 89, 285, 142, 4, 127, 89, 89, 89, 89, 89, 89, 89, 89, 89, 89, 89, 127, 89, 89, 89, 89, 275, 89, 89, 89, 127, 127, 89, 89, 4, 275, 127, 127, 127, 127, 127, 127, 127, 127, 127, 127, 127, 127, 127, 127, 127, 127, 127, 127, 127, 127, 127, 127, 127, 142, 127, 127, 142, 127, 142, 142, 142, 127, 142, 142, 142, 163, 163, 142, 142, 142, 142, 142, 163, 163, 142, 163, 163, 275, 142, 163, 163, 293, 163, 189, 285, 285, 285, 189, 285, 285, 285, 275, 285, 275, 189, 285, 285, 285, 285, 285, 275, 189, 189, 189, 189, 189, 189, 189, 189, 215, 215, 4, 4, 244, 215, 215, 215, 244, 244, 215, 215, 244, 244, 215, 244, 244, 215, 215, 244, 244, 215, 215, 215, 215, 4, 244, 215, 215, 215, 215, 215, 244, 244, 4, 215, 215, 215, 215, 215, 4, 215, 215, 215, 215, 215, 215, 4, 215, 215, 215, 244, 244, 244, 4, 4, 4, 4, 4, 4, 4, 4, 275, 275, 275, 4, 189, 275, 275, 4, 89, 275, 275, 275, 275, 275, 275, 275, 275, 275, 275, 275, 275, 275, 163, 163, 293, 293, 163, 163, 293, 293, 285, 285, 285, 285, 285, 285, 285, 293, 293, 293, 293, 293, 293, 293, 293, 293, 293, 293, 293, 285, 285, 285, 285, 285, 285, 285, 285, 285, 285, 285, 285, 285, 293, 293, 293, 293, 339, 339, 339, 339, 339, 339, 285, 285, 285, 285, 285, 285, 391, 285, 285, 339, 339, 339, 339, 339, 339, 339, 339, 339, 339, 339, 391, 391, 391, 391, 391, 391, 391, 391, 391, 391, 339, 339, 339, 339, 401, 391, 391, 391, 391, 391, 391, 391, 391, 391, 391, 391, 391, 401, 401, 401, 401, 401, 401, 391, 391, 391, 391, 391, 391, 391, 391, 391, 391, 391, 391, 391, 391, 391, 391, 401, 435, 401, 401, 401, 401, 401, 401, 401, 401, 401, 401, 401, 401, 401, 401, 401, 401, 435, 435, 391, 391, 391, 391, 391, 391, 391, 391, 435, 435, 435, 435, 401, 401, 401, 401, 401, 435, 435, 435, 435, 435, 435, 435, 435, 435, 435, 435, 435, 401, 401, 401, 4, 89, 4, 275, 215, 4] 
FO Weighted Sum = 156356.49122807017 
FO1             = 312712.0 
FO2             = 0.9824561403500007 
