Segundos              = 2316.672197945 
n° iter               = 12 
Estructura vecindario = 1 
Vecinos por iteración = 3 
N° clusters           = 15 
N° estaciones         = 452 
1° FO1                = 340959.0
1° FO2                = 0.3
Archivo [1] 
C               = [0, 1, 0, 0, 0, 0, 0, 0, 0, 0, 0, 0, 0, 0, 0, 0, 0, 0, 0, 0, 0, 0, 0, 0, 0, 0, 0, 0, 1, 0, 0, 0, 0, 0, 0, 0, 0, 0, 0, 0, 0, 0, 0, 1, 0, 0, 0, 0, 0, 0, 0, 0, 0, 0, 0, 0, 0, 0, 0, 0, 0, 0, 0, 0, 0, 0, 0, 0, 0, 0, 0, 0, 0, 0, 0, 0, 0, 0, 0, 0, 0, 0, 0, 0, 0, 0, 0, 0, 0, 0, 0, 0, 0, 0, 1, 0, 0, 0, 0, 0, 0, 0, 0, 0, 0, 0, 0, 0, 0, 0, 0, 0, 0, 0, 0, 0, 0, 0, 0, 0, 0, 0, 0, 0, 1, 0, 0, 0, 0, 0, 0, 0, 0, 0, 0, 0, 0, 0, 0, 0, 0, 0, 0, 0, 1, 0, 0, 0, 0, 0, 0, 0, 0, 0, 0, 0, 0, 0, 0, 0, 0, 0, 0, 0, 0, 0, 0, 0, 0, 0, 0, 0, 0, 0, 0, 0, 0, 1, 0, 0, 0, 0, 0, 0, 0, 0, 0, 0, 0, 0, 0, 0, 0, 0, 0, 0, 0, 0, 0, 0, 0, 0, 0, 0, 0, 0, 0, 0, 0, 0, 0, 0, 1, 0, 0, 0, 0, 0, 0, 0, 0, 0, 0, 0, 0, 0, 0, 0, 0, 0, 0, 0, 0, 1, 0, 0, 0, 0, 0, 0, 0, 0, 0, 0, 0, 0, 0, 0, 0, 0, 0, 0, 0, 0, 0, 0, 0, 0, 0, 0, 0, 0, 0, 0, 0, 0, 0, 0, 0, 0, 0, 0, 0, 0, 0, 0, 0, 0, 0, 0, 0, 0, 0, 0, 0, 0, 0, 0, 0, 0, 0, 1, 0, 0, 0, 0, 0, 0, 0, 0, 0, 0, 0, 0, 0, 0, 0, 0, 0, 0, 0, 0, 0, 0, 0, 0, 0, 0, 0, 0, 0, 0, 0, 0, 0, 0, 0, 0, 0, 0, 0, 0, 1, 0, 0, 0, 0, 1, 0, 0, 0, 0, 0, 0, 0, 0, 0, 0, 0, 0, 0, 0, 0, 0, 0, 0, 0, 0, 0, 0, 0, 0, 0, 0, 0, 0, 0, 0, 0, 0, 0, 0, 0, 0, 0, 0, 0, 0, 0, 0, 0, 0, 0, 0, 0, 0, 0, 0, 0, 0, 1, 0, 0, 0, 0, 0, 0, 0, 0, 0, 0, 0, 0, 0, 0, 0, 0, 0, 0, 0, 1, 0, 0, 0, 0, 0, 0, 0, 0, 0, 0, 1, 0, 0, 0, 0, 0, 0, 0, 0, 0, 0, 0, 0, 0, 0, 0, 0, 0, 0, 0, 0, 0, 0, 0, 0, 0, 0, 0, 0, 0, 0] 
E               = [2, 2, 125, 2, 2, 2, 44, 125, 44, 29, 125, 2, 44, 178, 2, 2, 125, 2, 125, 125, 44, 44, 2, 2, 2, 29, 125, 44, 29, 125, 29, 44, 145, 2, 2, 44, 44, 178, 44, 125, 29, 44, 29, 44, 44, 178, 145, 29, 44, 44, 145, 29, 44, 178, 29, 292, 44, 44, 292, 44, 178, 44, 178, 145, 29, 178, 44, 178, 292, 145, 44, 178, 44, 178, 178, 44, 178, 44, 178, 178, 145, 29, 178, 44, 2, 2, 29, 95, 95, 95, 95, 95, 95, 95, 95, 29, 95, 29, 29, 95, 95, 95, 2, 95, 95, 95, 125, 125, 95, 95, 2, 29, 125, 125, 125, 29, 125, 125, 125, 125, 125, 125, 125, 125, 125, 145, 125, 125, 145, 125, 145, 125, 125, 145, 125, 145, 125, 125, 145, 145, 145, 145, 145, 145, 145, 145, 145, 145, 145, 145, 145, 145, 145, 44, 145, 145, 292, 145, 145, 2, 145, 145, 145, 145, 145, 178, 178, 178, 178, 178, 178, 178, 178, 2, 44, 95, 178, 178, 178, 44, 178, 292, 2, 178, 178, 178, 178, 178, 178, 178, 178, 234, 234, 2, 234, 234, 213, 213, 234, 2, 2, 234, 213, 213, 234, 213, 2, 234, 213, 234, 234, 213, 213, 213, 234, 234, 2, 234, 213, 213, 213, 234, 234, 234, 2, 2, 213, 234, 234, 213, 234, 2, 234, 234, 234, 213, 234, 234, 2, 213, 213, 213, 213, 213, 234, 2, 2, 44, 2, 178, 234, 44, 44, 2, 2, 2, 2, 44, 29, 29, 44, 95, 2, 29, 29, 29, 29, 95, 29, 29, 29, 29, 29, 29, 29, 145, 145, 292, 292, 145, 292, 292, 292, 292, 178, 178, 178, 178, 292, 333, 292, 292, 292, 292, 292, 292, 292, 292, 292, 292, 338, 338, 338, 333, 333, 333, 333, 178, 333, 333, 333, 333, 333, 333, 333, 338, 292, 292, 292, 292, 338, 338, 338, 338, 338, 333, 333, 333, 333, 333, 333, 333, 333, 333, 391, 338, 338, 338, 338, 338, 338, 338, 338, 338, 338, 391, 333, 333, 333, 333, 333, 333, 333, 333, 333, 338, 338, 338, 338, 338, 391, 333, 333, 333, 333, 391, 333, 391, 391, 391, 391, 391, 338, 338, 338, 411, 411, 411, 391, 391, 391, 391, 391, 391, 391, 391, 391, 391, 391, 391, 391, 391, 391, 422, 391, 411, 411, 411, 411, 411, 411, 411, 411, 411, 411, 411, 411, 411, 411, 411, 411, 411, 422, 422, 391, 422, 391, 391, 391, 422, 422, 422, 422, 411, 411, 411, 411, 411, 411, 411, 411, 411, 422, 422, 411, 411, 422, 422, 411, 411, 411, 411, 411, 411, 411, 411, 44, 95, 44, 29, 234, 234] 
FO1             = 337421.0 
FO2             = 0.2 
DMAX            = Any[3212.0, 2532.0, 3478.0, 2667.0, 2192.0, 2739.0, 3948.0, 2120.0, 2935.0, 2928.0, 2242.0, 2494.0, 2027.0, 2444.0, 1152.0] 
Archivo [2] 
C               = [0, 1, 0, 0, 0, 0, 0, 0, 0, 0, 0, 0, 0, 0, 0, 0, 0, 0, 0, 0, 0, 0, 0, 0, 0, 0, 0, 0, 1, 0, 0, 0, 0, 0, 0, 0, 0, 0, 0, 0, 0, 0, 0, 1, 0, 0, 0, 0, 0, 0, 0, 0, 0, 0, 0, 0, 0, 0, 0, 0, 0, 0, 0, 0, 0, 0, 0, 0, 0, 0, 0, 0, 0, 0, 0, 0, 0, 0, 0, 0, 0, 0, 0, 0, 0, 0, 0, 0, 0, 0, 0, 0, 0, 0, 1, 0, 0, 0, 0, 0, 0, 0, 0, 0, 0, 0, 0, 0, 0, 0, 0, 0, 0, 0, 0, 0, 0, 0, 0, 0, 0, 0, 0, 0, 1, 0, 0, 0, 0, 0, 0, 0, 0, 0, 0, 0, 0, 0, 0, 0, 0, 0, 0, 0, 1, 0, 0, 0, 0, 0, 0, 0, 0, 0, 0, 0, 0, 0, 0, 0, 0, 0, 0, 0, 0, 0, 0, 0, 0, 0, 0, 0, 0, 0, 0, 0, 0, 1, 0, 0, 0, 0, 0, 0, 0, 0, 0, 0, 0, 0, 0, 0, 0, 0, 0, 0, 0, 0, 0, 0, 0, 0, 0, 0, 0, 0, 0, 0, 0, 0, 0, 0, 1, 0, 0, 0, 0, 0, 0, 0, 0, 0, 0, 0, 0, 0, 0, 0, 0, 0, 0, 0, 0, 1, 0, 0, 0, 0, 0, 0, 0, 0, 0, 0, 0, 0, 0, 0, 0, 0, 0, 0, 0, 0, 0, 0, 0, 0, 0, 0, 0, 0, 0, 0, 0, 0, 0, 0, 0, 0, 0, 0, 0, 0, 0, 0, 0, 0, 0, 0, 0, 0, 0, 0, 0, 0, 0, 0, 0, 0, 0, 1, 0, 0, 0, 0, 0, 0, 0, 0, 0, 0, 0, 0, 0, 0, 0, 0, 0, 0, 0, 0, 0, 0, 0, 0, 0, 0, 0, 0, 0, 0, 0, 0, 0, 0, 0, 0, 0, 0, 0, 0, 1, 0, 0, 0, 0, 1, 0, 0, 0, 0, 0, 0, 0, 0, 0, 0, 0, 0, 0, 0, 0, 0, 0, 0, 0, 0, 0, 0, 0, 0, 0, 0, 0, 0, 0, 0, 0, 0, 0, 0, 0, 0, 0, 0, 0, 0, 0, 0, 0, 0, 0, 0, 0, 0, 0, 0, 1, 0, 0, 0, 0, 0, 0, 0, 0, 0, 0, 0, 0, 0, 0, 0, 0, 0, 0, 0, 0, 0, 1, 0, 0, 0, 0, 0, 0, 0, 0, 0, 0, 1, 0, 0, 0, 0, 0, 0, 0, 0, 0, 0, 0, 0, 0, 0, 0, 0, 0, 0, 0, 0, 0, 0, 0, 0, 0, 0, 0, 0, 0, 0] 
E               = [2, 2, 125, 2, 2, 2, 2, 125, 2, 29, 125, 125, 44, 178, 2, 2, 2, 2, 125, 125, 44, 44, 2, 2, 2, 29, 125, 44, 29, 29, 29, 44, 125, 125, 125, 44, 44, 178, 44, 125, 29, 44, 29, 44, 44, 178, 145, 29, 44, 44, 145, 29, 44, 44, 29, 145, 44, 44, 292, 44, 178, 44, 178, 145, 29, 178, 44, 178, 292, 44, 44, 178, 44, 178, 178, 44, 178, 44, 178, 178, 145, 29, 178, 44, 2, 125, 29, 95, 95, 95, 95, 95, 95, 95, 95, 29, 95, 29, 29, 95, 95, 95, 2, 95, 95, 95, 125, 95, 95, 95, 2, 29, 29, 125, 125, 29, 125, 125, 125, 125, 125, 125, 125, 125, 125, 125, 125, 125, 125, 125, 145, 125, 125, 145, 125, 145, 125, 125, 145, 145, 145, 145, 145, 145, 145, 145, 145, 145, 145, 145, 145, 145, 145, 145, 145, 145, 292, 145, 145, 2, 145, 145, 145, 292, 145, 178, 178, 178, 178, 178, 178, 178, 178, 2, 292, 29, 178, 178, 178, 44, 178, 292, 2, 178, 178, 178, 178, 178, 178, 178, 178, 234, 234, 2, 234, 234, 213, 213, 234, 234, 234, 213, 213, 213, 234, 213, 2, 234, 213, 213, 234, 234, 213, 213, 234, 234, 2, 234, 213, 213, 213, 234, 234, 234, 234, 2, 213, 234, 213, 234, 234, 2, 234, 234, 213, 213, 213, 234, 2, 213, 213, 213, 213, 213, 234, 2, 2, 2, 2, 2, 2, 2, 2, 29, 2, 29, 2, 44, 29, 29, 44, 95, 29, 29, 29, 29, 29, 29, 29, 29, 29, 29, 29, 29, 29, 292, 292, 292, 292, 145, 292, 292, 292, 292, 178, 178, 178, 333, 292, 292, 292, 292, 292, 292, 292, 292, 292, 292, 292, 292, 292, 338, 338, 333, 333, 333, 333, 333, 333, 333, 333, 333, 333, 333, 333, 292, 292, 292, 292, 292, 338, 338, 338, 338, 338, 333, 333, 333, 333, 333, 333, 333, 333, 333, 338, 338, 338, 338, 338, 338, 338, 338, 338, 338, 338, 333, 333, 333, 333, 333, 333, 333, 333, 333, 333, 338, 338, 338, 338, 338, 389, 333, 333, 333, 333, 389, 333, 389, 389, 389, 389, 338, 338, 338, 338, 411, 411, 338, 338, 389, 389, 389, 389, 389, 389, 389, 389, 389, 389, 389, 389, 422, 422, 422, 411, 422, 411, 411, 411, 411, 411, 411, 411, 411, 411, 411, 411, 411, 411, 411, 411, 411, 422, 422, 422, 389, 389, 389, 389, 389, 389, 422, 422, 411, 411, 411, 411, 411, 411, 411, 411, 411, 422, 422, 422, 411, 422, 422, 422, 411, 411, 411, 411, 411, 411, 411, 44, 29, 44, 29, 234, 234] 
FO1             = 315306.0 
FO2             = 0.27 
DMAX            = Any[2835.0, 2892.0, 2222.0, 2152.0, 2112.0, 2257.0, 3057.0, 1944.0, 2351.0, 2756.0, 2055.0, 2494.0, 1294.0, 2444.0, 1227.0] 
Archivo [3] 
C               = [0, 1, 0, 0, 0, 0, 0, 0, 0, 0, 0, 0, 0, 0, 0, 0, 0, 0, 0, 0, 0, 0, 0, 0, 0, 0, 0, 0, 1, 0, 0, 0, 0, 0, 0, 0, 0, 0, 0, 0, 0, 0, 0, 1, 0, 0, 0, 0, 0, 0, 0, 0, 0, 0, 0, 0, 0, 0, 0, 0, 0, 0, 0, 0, 0, 0, 0, 0, 0, 0, 0, 0, 0, 0, 0, 0, 0, 0, 0, 0, 0, 0, 0, 0, 0, 0, 0, 0, 0, 0, 0, 0, 0, 0, 1, 0, 0, 0, 0, 0, 0, 0, 0, 0, 0, 0, 0, 0, 0, 0, 0, 0, 0, 0, 0, 0, 0, 0, 0, 0, 0, 0, 0, 0, 1, 0, 0, 0, 0, 0, 0, 0, 0, 0, 0, 0, 0, 0, 0, 0, 0, 0, 0, 0, 0, 0, 1, 0, 0, 0, 0, 0, 0, 0, 0, 0, 0, 0, 0, 0, 0, 0, 0, 0, 0, 0, 0, 0, 0, 0, 0, 0, 0, 0, 0, 0, 0, 1, 0, 0, 0, 0, 0, 0, 0, 0, 0, 0, 0, 0, 0, 0, 0, 0, 0, 0, 0, 0, 0, 0, 0, 0, 1, 0, 0, 0, 0, 0, 0, 0, 0, 0, 1, 0, 0, 0, 0, 0, 0, 0, 0, 0, 0, 0, 0, 0, 0, 0, 0, 0, 0, 0, 0, 0, 0, 0, 0, 0, 0, 0, 0, 0, 0, 0, 0, 0, 0, 0, 0, 0, 0, 0, 0, 0, 0, 0, 0, 0, 0, 0, 0, 0, 0, 0, 0, 0, 0, 0, 0, 0, 0, 0, 0, 0, 0, 0, 0, 0, 0, 0, 0, 0, 0, 0, 0, 0, 0, 0, 0, 0, 0, 1, 0, 0, 0, 0, 0, 0, 0, 0, 0, 0, 0, 0, 0, 0, 0, 0, 0, 0, 0, 0, 0, 0, 0, 0, 0, 0, 0, 0, 0, 0, 0, 0, 0, 0, 0, 0, 0, 0, 0, 0, 1, 0, 0, 0, 0, 0, 0, 0, 0, 0, 0, 0, 0, 0, 0, 0, 0, 0, 0, 0, 0, 0, 0, 0, 0, 1, 0, 0, 0, 0, 0, 0, 0, 0, 0, 0, 0, 0, 0, 0, 0, 0, 0, 0, 0, 0, 0, 0, 0, 0, 0, 0, 0, 0, 0, 0, 0, 0, 1, 0, 0, 0, 0, 0, 0, 0, 0, 0, 0, 0, 0, 0, 0, 0, 0, 0, 0, 0, 0, 0, 0, 0, 0, 0, 0, 0, 0, 0, 0, 1, 0, 0, 0, 0, 0, 0, 0, 1, 0, 0, 0, 0, 0, 0, 0, 0, 0, 0, 0, 0, 0, 0, 0, 0, 0, 0, 0, 0, 0, 0] 
E               = [2, 2, 125, 2, 2, 2, 2, 125, 44, 29, 125, 125, 44, 44, 2, 2, 125, 2, 125, 125, 44, 44, 2, 2, 2, 29, 125, 44, 29, 29, 29, 44, 147, 2, 2, 44, 44, 178, 44, 125, 29, 44, 29, 44, 44, 178, 147, 29, 44, 44, 147, 29, 44, 178, 29, 292, 44, 44, 292, 44, 178, 44, 178, 147, 29, 178, 44, 178, 292, 44, 44, 178, 44, 178, 178, 44, 178, 44, 178, 178, 44, 29, 178, 44, 2, 125, 29, 95, 95, 95, 95, 95, 95, 95, 95, 29, 95, 29, 29, 95, 95, 95, 2, 95, 95, 95, 125, 125, 95, 95, 2, 29, 29, 125, 125, 125, 125, 125, 125, 125, 125, 125, 125, 125, 125, 125, 125, 125, 147, 125, 147, 125, 125, 147, 125, 147, 125, 125, 147, 147, 147, 147, 147, 147, 147, 147, 147, 147, 147, 147, 147, 147, 147, 44, 147, 147, 292, 147, 147, 2, 147, 147, 147, 292, 147, 178, 178, 178, 178, 178, 178, 178, 178, 2, 44, 29, 178, 178, 178, 44, 178, 292, 2, 178, 178, 178, 178, 178, 178, 178, 178, 213, 213, 2, 2, 203, 213, 213, 203, 203, 203, 203, 203, 203, 203, 213, 2, 203, 213, 203, 203, 203, 213, 213, 203, 203, 2, 203, 213, 213, 213, 203, 203, 203, 2, 2, 213, 203, 213, 203, 2, 2, 203, 203, 213, 213, 213, 203, 2, 213, 213, 203, 203, 203, 203, 2, 2, 2, 2, 178, 2, 44, 44, 29, 2, 2, 2, 44, 29, 29, 44, 95, 2, 29, 29, 29, 29, 95, 29, 29, 29, 29, 29, 29, 29, 147, 147, 292, 292, 147, 292, 292, 292, 292, 178, 178, 178, 333, 292, 358, 292, 292, 292, 292, 292, 292, 292, 292, 292, 292, 292, 358, 333, 333, 333, 333, 333, 333, 333, 333, 333, 333, 333, 333, 333, 292, 292, 292, 292, 292, 292, 358, 292, 292, 358, 333, 333, 333, 333, 333, 333, 333, 333, 333, 358, 358, 358, 358, 358, 292, 358, 358, 358, 358, 358, 358, 333, 333, 333, 333, 333, 333, 333, 391, 358, 358, 358, 358, 358, 358, 391, 333, 333, 333, 333, 391, 391, 391, 391, 391, 391, 358, 358, 358, 358, 358, 358, 358, 358, 391, 391, 391, 391, 391, 391, 391, 391, 391, 391, 391, 391, 391, 391, 422, 391, 422, 358, 358, 358, 358, 358, 358, 358, 358, 358, 430, 430, 430, 430, 430, 430, 358, 422, 422, 391, 391, 422, 391, 391, 391, 391, 422, 422, 422, 422, 430, 430, 430, 430, 430, 430, 430, 422, 422, 422, 422, 422, 422, 422, 422, 422, 430, 430, 430, 430, 430, 44, 95, 44, 29, 203, 203] 
FO1             = 331658.0 
FO2             = 0.22 
DMAX            = Any[3797.0, 2892.0, 3039.0, 2595.0, 2192.0, 2739.0, 3370.0, 2351.0, 2263.0, 3579.0, 2094.0, 3319.0, 1687.0, 2215.0, 1327.0] 
Archivo [4] 
C               = [0, 1, 0, 0, 0, 0, 0, 0, 0, 0, 0, 0, 0, 0, 0, 0, 0, 0, 0, 0, 0, 0, 0, 0, 0, 0, 0, 0, 1, 0, 0, 0, 0, 0, 0, 0, 0, 0, 0, 0, 0, 0, 0, 1, 0, 0, 0, 0, 0, 0, 0, 0, 0, 0, 0, 0, 0, 0, 0, 0, 0, 0, 0, 0, 0, 0, 0, 0, 0, 0, 0, 0, 0, 0, 0, 0, 0, 0, 0, 0, 0, 0, 0, 0, 0, 0, 0, 0, 0, 0, 0, 0, 0, 0, 1, 0, 0, 0, 0, 0, 0, 0, 0, 0, 0, 0, 0, 0, 0, 0, 0, 0, 0, 0, 0, 0, 0, 0, 0, 0, 0, 0, 0, 0, 1, 0, 0, 0, 0, 0, 0, 0, 0, 0, 0, 0, 0, 0, 0, 0, 0, 0, 0, 0, 1, 0, 0, 0, 0, 0, 0, 0, 0, 0, 0, 0, 0, 0, 0, 0, 0, 0, 0, 0, 0, 0, 0, 0, 0, 0, 0, 0, 0, 0, 0, 0, 0, 1, 0, 0, 0, 0, 0, 0, 0, 0, 0, 0, 0, 0, 0, 0, 0, 0, 0, 0, 0, 0, 0, 0, 0, 0, 0, 0, 0, 0, 0, 0, 0, 0, 0, 0, 0, 0, 0, 0, 0, 0, 1, 0, 0, 0, 0, 0, 0, 0, 0, 0, 0, 0, 0, 0, 0, 1, 0, 0, 0, 0, 0, 0, 0, 0, 0, 0, 0, 0, 0, 0, 0, 0, 0, 0, 0, 0, 0, 0, 0, 0, 0, 0, 0, 0, 0, 0, 0, 0, 0, 0, 0, 0, 0, 0, 0, 0, 0, 0, 0, 0, 0, 0, 0, 0, 0, 0, 0, 0, 0, 0, 0, 0, 0, 1, 0, 0, 0, 0, 0, 0, 0, 0, 0, 0, 0, 0, 0, 0, 0, 0, 0, 0, 0, 0, 0, 0, 0, 0, 0, 0, 0, 0, 0, 0, 0, 0, 0, 0, 0, 0, 0, 0, 0, 0, 1, 0, 0, 0, 0, 1, 0, 0, 0, 0, 0, 0, 0, 0, 0, 0, 0, 0, 0, 0, 0, 0, 0, 0, 0, 0, 0, 0, 0, 0, 0, 0, 0, 0, 0, 0, 0, 0, 0, 0, 0, 0, 0, 0, 0, 0, 0, 0, 0, 0, 0, 0, 0, 0, 0, 0, 1, 0, 0, 0, 0, 0, 0, 0, 0, 0, 0, 0, 0, 0, 0, 0, 0, 0, 0, 0, 0, 0, 1, 0, 0, 0, 0, 0, 0, 0, 0, 0, 0, 1, 0, 0, 0, 0, 0, 0, 0, 0, 0, 0, 0, 0, 0, 0, 0, 0, 0, 0, 0, 0, 0, 0, 0, 0, 0, 0, 0, 0, 0, 0] 
E               = [2, 2, 125, 2, 2, 2, 2, 125, 2, 29, 125, 2, 44, 44, 2, 2, 2, 2, 125, 125, 44, 44, 2, 2, 2, 29, 125, 44, 29, 125, 29, 44, 125, 125, 125, 44, 44, 178, 145, 125, 29, 44, 29, 44, 44, 178, 145, 29, 44, 44, 178, 29, 44, 44, 29, 145, 44, 44, 292, 44, 178, 44, 178, 145, 29, 178, 44, 178, 292, 145, 44, 178, 178, 178, 178, 44, 178, 44, 178, 178, 145, 29, 178, 145, 2, 125, 29, 95, 95, 95, 95, 95, 95, 95, 95, 29, 95, 29, 29, 95, 95, 95, 2, 95, 95, 95, 125, 125, 95, 95, 2, 29, 29, 125, 125, 29, 125, 125, 125, 125, 125, 125, 125, 125, 125, 125, 125, 125, 145, 125, 145, 125, 125, 145, 125, 145, 125, 125, 145, 145, 145, 145, 145, 145, 145, 145, 145, 145, 145, 145, 145, 145, 145, 44, 145, 145, 292, 145, 145, 2, 145, 145, 145, 292, 145, 178, 178, 178, 178, 178, 178, 178, 178, 2, 292, 29, 178, 178, 178, 44, 178, 292, 2, 178, 178, 44, 178, 178, 178, 178, 178, 234, 234, 2, 234, 234, 219, 219, 234, 234, 234, 234, 219, 219, 2, 219, 2, 234, 219, 234, 234, 219, 219, 219, 234, 234, 2, 234, 219, 219, 219, 234, 234, 234, 2, 2, 219, 234, 219, 234, 234, 2, 234, 234, 234, 219, 234, 234, 2, 219, 219, 219, 219, 219, 234, 2, 2, 2, 2, 2, 2, 2, 44, 2, 2, 29, 2, 44, 29, 29, 44, 95, 2, 29, 29, 29, 29, 95, 29, 29, 29, 29, 29, 29, 29, 145, 145, 292, 292, 145, 292, 292, 292, 292, 178, 178, 178, 333, 292, 292, 292, 292, 292, 292, 292, 292, 292, 292, 292, 292, 292, 338, 333, 333, 333, 333, 333, 333, 333, 333, 333, 333, 333, 333, 333, 338, 292, 292, 292, 292, 338, 338, 338, 338, 338, 333, 333, 333, 333, 333, 333, 333, 333, 333, 338, 338, 338, 338, 338, 338, 338, 338, 338, 338, 338, 389, 333, 333, 333, 333, 333, 333, 333, 333, 333, 338, 338, 338, 338, 338, 389, 333, 333, 333, 333, 389, 333, 389, 389, 389, 389, 389, 338, 338, 338, 411, 411, 411, 422, 389, 389, 389, 389, 389, 389, 389, 389, 389, 389, 389, 389, 389, 422, 389, 411, 411, 411, 411, 411, 411, 411, 411, 411, 411, 411, 411, 411, 411, 411, 411, 411, 411, 422, 422, 422, 422, 389, 389, 389, 389, 422, 422, 422, 422, 411, 411, 411, 411, 411, 411, 411, 411, 422, 422, 422, 411, 422, 422, 411, 411, 411, 411, 411, 411, 411, 411, 44, 95, 44, 29, 234, 2] 
FO1             = 319210.0 
FO2             = 0.26 
DMAX            = Any[2944.0, 2532.0, 2510.0, 2595.0, 2112.0, 2592.0, 2730.0, 2120.0, 1924.0, 2756.0, 2094.0, 2307.0, 1806.0, 2444.0, 1356.0] 
Archivo [5] 
C               = [0, 1, 0, 0, 0, 0, 0, 0, 0, 0, 0, 0, 0, 0, 0, 0, 0, 0, 0, 0, 0, 0, 0, 0, 0, 0, 0, 0, 1, 0, 0, 0, 0, 0, 0, 0, 0, 0, 0, 0, 0, 0, 0, 1, 0, 0, 0, 0, 0, 0, 0, 0, 0, 0, 0, 0, 0, 0, 0, 0, 0, 0, 0, 0, 0, 0, 0, 0, 0, 0, 0, 0, 0, 0, 0, 0, 0, 0, 0, 0, 0, 0, 0, 0, 0, 0, 0, 0, 0, 0, 0, 0, 0, 0, 1, 0, 0, 0, 0, 0, 0, 0, 0, 0, 0, 0, 0, 0, 0, 0, 0, 0, 0, 0, 0, 0, 0, 0, 0, 0, 0, 0, 0, 0, 1, 0, 0, 0, 0, 0, 0, 0, 0, 0, 0, 0, 0, 0, 0, 0, 0, 0, 0, 0, 1, 0, 0, 0, 0, 0, 0, 0, 0, 0, 0, 0, 0, 0, 0, 0, 0, 0, 0, 0, 0, 0, 0, 0, 0, 0, 0, 0, 0, 0, 0, 0, 0, 1, 0, 0, 0, 0, 0, 0, 0, 0, 0, 0, 0, 0, 0, 0, 0, 0, 0, 0, 0, 0, 0, 0, 0, 0, 0, 0, 0, 0, 0, 0, 0, 0, 0, 0, 1, 0, 0, 0, 0, 0, 0, 0, 0, 0, 0, 0, 0, 0, 0, 0, 0, 0, 0, 0, 0, 1, 0, 0, 0, 0, 0, 0, 0, 0, 0, 0, 0, 0, 0, 0, 0, 0, 0, 0, 0, 0, 0, 0, 0, 0, 0, 0, 0, 0, 0, 0, 0, 0, 0, 0, 0, 0, 0, 0, 0, 0, 0, 0, 0, 0, 0, 0, 0, 0, 0, 0, 0, 0, 0, 0, 0, 0, 0, 1, 0, 0, 0, 0, 0, 0, 0, 0, 0, 0, 0, 0, 0, 0, 0, 0, 0, 0, 0, 0, 0, 0, 0, 0, 0, 0, 0, 0, 0, 0, 0, 0, 0, 0, 0, 0, 0, 0, 0, 0, 1, 0, 0, 0, 0, 1, 0, 0, 0, 0, 0, 0, 0, 0, 0, 0, 0, 0, 0, 0, 0, 0, 0, 0, 0, 0, 0, 0, 0, 0, 0, 0, 0, 0, 0, 0, 0, 0, 0, 0, 0, 0, 0, 0, 0, 0, 1, 0, 0, 0, 0, 0, 0, 0, 0, 0, 0, 0, 0, 0, 0, 0, 0, 0, 0, 0, 0, 0, 0, 0, 0, 0, 0, 0, 0, 0, 0, 0, 1, 0, 0, 0, 0, 0, 0, 0, 0, 0, 0, 1, 0, 0, 0, 0, 0, 0, 0, 0, 0, 0, 0, 0, 0, 0, 0, 0, 0, 0, 0, 0, 0, 0, 0, 0, 0, 0, 0, 0, 0, 0] 
E               = [2, 2, 125, 2, 2, 2, 2, 125, 2, 29, 2, 125, 44, 178, 2, 2, 2, 2, 125, 125, 44, 44, 2, 2, 2, 29, 125, 44, 29, 125, 29, 44, 125, 125, 125, 44, 44, 178, 44, 125, 29, 44, 29, 44, 44, 178, 145, 29, 44, 44, 145, 29, 44, 44, 29, 145, 44, 44, 292, 44, 178, 44, 178, 145, 29, 178, 44, 178, 178, 145, 44, 178, 44, 178, 178, 44, 178, 178, 178, 178, 145, 29, 178, 145, 2, 125, 29, 29, 95, 95, 95, 95, 95, 95, 95, 29, 95, 29, 29, 95, 95, 95, 2, 95, 95, 95, 125, 125, 95, 95, 2, 29, 29, 125, 125, 29, 125, 125, 125, 125, 125, 125, 125, 125, 125, 125, 125, 125, 125, 125, 145, 125, 125, 145, 125, 145, 125, 125, 145, 145, 145, 145, 145, 145, 145, 145, 145, 145, 145, 145, 145, 145, 145, 145, 145, 145, 292, 145, 145, 2, 145, 145, 145, 292, 145, 178, 178, 178, 178, 178, 178, 178, 178, 2, 292, 29, 178, 178, 178, 44, 178, 292, 2, 178, 178, 178, 178, 178, 178, 178, 178, 234, 234, 2, 234, 234, 213, 213, 234, 234, 234, 234, 213, 213, 2, 213, 2, 234, 213, 234, 234, 234, 213, 213, 234, 234, 2, 234, 213, 213, 213, 234, 234, 234, 234, 2, 213, 234, 213, 234, 234, 2, 234, 234, 213, 213, 213, 234, 2, 213, 213, 213, 213, 213, 234, 2, 2, 2, 2, 2, 2, 2, 2, 29, 2, 29, 2, 44, 29, 29, 44, 95, 125, 29, 29, 29, 29, 29, 29, 29, 29, 29, 29, 29, 29, 292, 292, 292, 292, 145, 292, 292, 292, 292, 178, 178, 178, 178, 292, 292, 292, 292, 292, 292, 292, 292, 292, 292, 292, 292, 292, 292, 338, 333, 333, 333, 333, 333, 333, 333, 333, 333, 333, 333, 333, 338, 292, 292, 292, 292, 338, 338, 338, 338, 338, 333, 333, 333, 333, 333, 333, 333, 333, 333, 338, 338, 338, 338, 338, 338, 338, 338, 338, 338, 338, 333, 333, 333, 333, 333, 333, 333, 333, 333, 379, 379, 338, 338, 338, 338, 379, 333, 333, 333, 333, 422, 333, 333, 379, 411, 379, 379, 379, 338, 338, 411, 379, 379, 379, 379, 379, 422, 422, 333, 422, 422, 422, 422, 422, 422, 422, 422, 379, 379, 379, 379, 379, 411, 411, 411, 411, 411, 411, 411, 411, 411, 411, 411, 411, 411, 411, 411, 422, 422, 422, 422, 422, 422, 422, 422, 422, 422, 422, 411, 411, 411, 411, 411, 411, 411, 411, 411, 422, 422, 422, 422, 422, 422, 422, 411, 411, 411, 411, 411, 411, 411, 44, 95, 44, 29, 234, 2] 
FO1             = 313801.0 
FO2             = 0.28 
DMAX            = Any[2835.0, 2796.0, 2222.0, 1779.0, 2112.0, 2257.0, 3343.0, 1944.0, 1924.0, 2756.0, 2464.0, 2494.0, 1525.0, 3171.0, 2055.0] 
Archivo [6] 
C               = [0, 1, 0, 0, 0, 0, 0, 0, 0, 0, 0, 0, 0, 0, 0, 0, 0, 0, 0, 0, 0, 0, 0, 0, 0, 0, 0, 0, 1, 0, 0, 0, 0, 0, 0, 0, 0, 0, 0, 0, 0, 0, 0, 1, 0, 0, 0, 0, 0, 0, 0, 0, 0, 0, 0, 0, 0, 0, 0, 0, 0, 0, 0, 0, 0, 0, 0, 0, 0, 0, 0, 0, 0, 0, 0, 0, 0, 0, 0, 0, 0, 0, 0, 0, 0, 0, 0, 0, 0, 0, 0, 0, 0, 0, 1, 0, 0, 0, 0, 0, 0, 0, 0, 0, 0, 0, 0, 0, 0, 0, 0, 0, 0, 0, 0, 0, 0, 0, 0, 0, 0, 0, 0, 0, 1, 0, 0, 0, 0, 0, 0, 0, 0, 0, 0, 0, 0, 0, 0, 0, 0, 0, 0, 0, 1, 0, 0, 0, 0, 0, 0, 0, 0, 0, 0, 0, 0, 0, 0, 0, 0, 0, 0, 0, 0, 0, 0, 0, 0, 0, 0, 0, 0, 0, 0, 0, 0, 1, 0, 0, 0, 0, 0, 0, 0, 0, 0, 0, 0, 0, 0, 0, 0, 0, 0, 0, 0, 0, 0, 0, 0, 0, 0, 0, 0, 0, 0, 0, 0, 0, 0, 0, 0, 0, 0, 0, 0, 0, 1, 0, 0, 0, 0, 0, 1, 0, 0, 0, 0, 0, 0, 0, 0, 0, 0, 0, 0, 0, 0, 0, 0, 0, 0, 0, 0, 0, 0, 0, 0, 0, 0, 0, 0, 0, 0, 0, 0, 0, 0, 0, 0, 0, 0, 0, 0, 0, 0, 0, 0, 0, 0, 0, 0, 0, 0, 0, 0, 0, 0, 0, 0, 0, 0, 0, 0, 0, 0, 0, 0, 0, 0, 1, 0, 0, 0, 0, 0, 0, 0, 0, 0, 0, 0, 0, 0, 0, 0, 0, 0, 0, 0, 0, 0, 0, 0, 0, 0, 0, 0, 0, 0, 0, 0, 0, 0, 0, 0, 0, 0, 0, 0, 0, 1, 0, 0, 0, 0, 1, 0, 0, 0, 0, 0, 0, 0, 0, 0, 0, 0, 0, 0, 0, 0, 0, 0, 0, 0, 0, 0, 0, 0, 0, 0, 0, 0, 0, 0, 0, 0, 0, 0, 0, 0, 0, 0, 0, 0, 0, 0, 0, 0, 0, 0, 0, 0, 0, 0, 0, 1, 0, 0, 0, 0, 0, 0, 0, 0, 0, 0, 0, 0, 0, 0, 0, 0, 0, 0, 0, 0, 0, 1, 0, 0, 0, 0, 0, 0, 0, 0, 0, 0, 1, 0, 0, 0, 0, 0, 0, 0, 0, 0, 0, 0, 0, 0, 0, 0, 0, 0, 0, 0, 0, 0, 0, 0, 0, 0, 0, 0, 0, 0, 0] 
E               = [2, 2, 125, 2, 2, 2, 2, 125, 2, 29, 125, 125, 44, 44, 2, 2, 2, 2, 125, 125, 44, 44, 2, 2, 2, 29, 125, 44, 29, 29, 29, 44, 145, 2, 2, 44, 44, 178, 145, 125, 29, 44, 29, 44, 44, 178, 145, 29, 44, 44, 145, 29, 44, 44, 29, 292, 44, 44, 292, 44, 178, 44, 178, 145, 29, 178, 44, 178, 292, 145, 44, 178, 178, 178, 178, 44, 178, 44, 178, 178, 145, 29, 292, 44, 2, 125, 29, 95, 95, 95, 95, 95, 95, 95, 95, 29, 95, 29, 29, 95, 95, 95, 2, 95, 95, 95, 125, 125, 95, 95, 2, 29, 29, 125, 125, 125, 125, 125, 125, 125, 125, 125, 125, 125, 125, 125, 125, 125, 145, 125, 145, 125, 125, 145, 125, 145, 145, 125, 145, 145, 145, 145, 145, 145, 145, 145, 145, 145, 145, 145, 145, 145, 145, 44, 145, 145, 292, 145, 145, 2, 145, 145, 145, 292, 145, 178, 178, 178, 178, 178, 178, 178, 178, 2, 292, 29, 178, 178, 178, 44, 178, 292, 2, 178, 178, 225, 178, 178, 178, 225, 178, 225, 219, 225, 225, 225, 219, 219, 225, 225, 225, 219, 219, 219, 225, 219, 225, 225, 219, 219, 225, 225, 219, 219, 219, 225, 2, 225, 219, 219, 219, 225, 225, 225, 225, 225, 219, 219, 219, 219, 225, 225, 225, 225, 219, 219, 219, 225, 225, 219, 219, 219, 219, 219, 225, 225, 2, 2, 2, 178, 225, 2, 2, 2, 2, 29, 2, 225, 29, 29, 44, 95, 2, 29, 29, 29, 29, 95, 29, 29, 29, 29, 29, 29, 29, 145, 145, 292, 292, 145, 292, 292, 292, 292, 178, 178, 178, 333, 292, 338, 292, 292, 292, 292, 292, 292, 292, 292, 292, 292, 292, 338, 333, 333, 333, 333, 333, 333, 333, 333, 333, 333, 333, 333, 333, 338, 292, 292, 292, 292, 338, 338, 338, 338, 338, 333, 333, 333, 333, 333, 333, 333, 333, 333, 338, 338, 338, 338, 338, 338, 338, 338, 338, 338, 338, 389, 333, 333, 333, 333, 333, 333, 333, 333, 333, 338, 338, 338, 338, 338, 389, 333, 333, 333, 333, 389, 389, 389, 389, 389, 389, 338, 338, 338, 338, 411, 411, 411, 389, 389, 389, 389, 389, 389, 389, 389, 389, 389, 389, 389, 389, 389, 422, 422, 411, 422, 411, 411, 411, 411, 411, 411, 411, 411, 338, 411, 411, 411, 411, 411, 411, 411, 422, 422, 422, 389, 389, 389, 389, 389, 422, 422, 422, 422, 411, 411, 411, 411, 411, 411, 411, 411, 422, 422, 422, 422, 411, 422, 411, 411, 411, 411, 411, 411, 411, 411, 44, 95, 44, 29, 225, 225] 
FO1             = 327082.0 
FO2             = 0.23 
DMAX            = Any[2668.0, 2892.0, 2275.0, 2595.0, 1919.0, 2739.0, 3370.0, 2263.0, 3454.0, 2928.0, 2094.0, 3319.0, 1806.0, 2322.0, 1115.0] 
Archivo [7] 
C               = [0, 1, 0, 0, 0, 0, 0, 0, 0, 0, 0, 0, 0, 0, 0, 0, 0, 0, 0, 0, 0, 0, 0, 0, 0, 0, 0, 0, 1, 0, 0, 0, 0, 0, 0, 0, 0, 0, 0, 0, 0, 0, 0, 1, 0, 0, 0, 0, 0, 0, 0, 0, 0, 0, 0, 0, 0, 0, 0, 0, 0, 0, 0, 0, 0, 0, 0, 0, 0, 0, 0, 0, 0, 0, 0, 0, 0, 0, 0, 0, 0, 0, 0, 0, 0, 0, 0, 0, 0, 0, 0, 0, 0, 0, 1, 0, 0, 0, 0, 0, 0, 0, 0, 0, 0, 0, 0, 0, 0, 0, 0, 0, 0, 0, 0, 0, 0, 0, 0, 0, 0, 0, 0, 0, 1, 0, 0, 0, 0, 0, 0, 0, 0, 0, 0, 0, 0, 0, 0, 0, 0, 0, 0, 0, 1, 0, 0, 0, 0, 0, 0, 0, 0, 0, 0, 0, 0, 0, 0, 0, 0, 0, 0, 0, 0, 0, 0, 0, 0, 0, 0, 0, 0, 0, 0, 0, 0, 1, 0, 0, 0, 0, 0, 0, 0, 0, 0, 0, 0, 0, 0, 0, 0, 0, 0, 0, 0, 0, 0, 0, 0, 0, 0, 0, 0, 0, 0, 0, 0, 0, 0, 0, 1, 0, 0, 0, 0, 0, 0, 0, 0, 0, 0, 0, 0, 0, 0, 0, 0, 0, 0, 0, 0, 1, 0, 0, 0, 0, 0, 0, 0, 0, 0, 0, 0, 0, 0, 0, 0, 0, 0, 0, 0, 0, 0, 0, 0, 0, 0, 0, 0, 0, 0, 0, 0, 0, 0, 0, 0, 0, 0, 0, 0, 0, 0, 0, 0, 0, 0, 0, 0, 0, 0, 0, 0, 0, 0, 0, 0, 0, 0, 1, 0, 0, 0, 0, 0, 0, 0, 0, 0, 0, 0, 0, 0, 0, 0, 0, 0, 0, 0, 0, 0, 0, 0, 0, 0, 0, 0, 0, 0, 0, 0, 0, 0, 0, 0, 0, 0, 0, 0, 0, 1, 0, 0, 0, 0, 1, 0, 0, 0, 0, 0, 0, 0, 1, 0, 0, 0, 0, 0, 0, 0, 0, 0, 0, 0, 0, 0, 0, 0, 0, 0, 0, 0, 0, 0, 0, 0, 0, 0, 0, 0, 0, 0, 0, 0, 0, 0, 0, 0, 0, 0, 0, 0, 0, 0, 0, 0, 0, 0, 0, 0, 0, 0, 0, 0, 0, 0, 0, 0, 0, 0, 0, 0, 0, 0, 0, 0, 0, 1, 0, 0, 0, 0, 0, 0, 0, 0, 0, 0, 1, 0, 0, 0, 0, 0, 0, 0, 0, 0, 0, 0, 0, 0, 0, 0, 0, 0, 0, 0, 0, 0, 0, 0, 0, 0, 0, 0, 0, 0, 0] 
E               = [2, 2, 125, 2, 2, 2, 2, 125, 2, 29, 125, 125, 44, 44, 2, 2, 2, 2, 125, 125, 44, 44, 2, 2, 2, 29, 125, 44, 29, 29, 29, 44, 125, 2, 125, 44, 44, 178, 145, 125, 29, 44, 29, 44, 44, 178, 145, 29, 44, 44, 145, 29, 44, 178, 29, 145, 44, 44, 292, 44, 178, 44, 178, 145, 29, 178, 44, 178, 292, 145, 44, 178, 178, 178, 178, 44, 178, 44, 178, 178, 145, 29, 178, 145, 2, 125, 29, 95, 95, 95, 95, 95, 95, 95, 95, 29, 95, 29, 29, 95, 95, 95, 2, 95, 95, 95, 125, 125, 95, 95, 2, 29, 29, 125, 125, 125, 125, 125, 125, 125, 125, 125, 125, 125, 125, 125, 125, 125, 145, 125, 145, 125, 125, 145, 125, 145, 125, 125, 145, 145, 145, 145, 145, 145, 145, 145, 145, 145, 145, 145, 145, 145, 145, 145, 145, 145, 292, 145, 145, 2, 145, 145, 145, 292, 145, 178, 178, 178, 178, 178, 178, 178, 178, 2, 292, 29, 178, 178, 178, 44, 178, 292, 2, 178, 178, 178, 178, 178, 178, 178, 178, 234, 234, 2, 234, 234, 213, 213, 234, 234, 234, 234, 213, 213, 2, 213, 2, 234, 213, 213, 234, 234, 213, 213, 234, 234, 2, 234, 213, 213, 213, 234, 234, 234, 234, 2, 213, 234, 234, 234, 234, 2, 234, 234, 234, 213, 234, 234, 2, 213, 213, 213, 213, 213, 234, 2, 2, 2, 2, 178, 234, 2, 2, 29, 2, 29, 2, 44, 29, 29, 44, 95, 2, 29, 29, 29, 29, 95, 29, 29, 29, 29, 29, 29, 29, 145, 145, 292, 292, 145, 292, 292, 292, 292, 178, 178, 178, 178, 292, 338, 292, 292, 292, 292, 292, 292, 292, 292, 292, 292, 292, 292, 338, 333, 333, 333, 333, 333, 333, 333, 333, 333, 333, 333, 333, 346, 292, 292, 292, 292, 338, 338, 338, 338, 346, 333, 333, 333, 333, 333, 333, 333, 333, 333, 338, 346, 338, 338, 338, 338, 338, 338, 338, 338, 346, 346, 346, 346, 333, 333, 333, 333, 346, 346, 346, 346, 338, 338, 338, 338, 346, 333, 333, 333, 333, 333, 346, 346, 346, 411, 422, 346, 338, 338, 338, 411, 411, 338, 346, 346, 422, 422, 422, 346, 346, 422, 422, 422, 422, 422, 422, 422, 422, 422, 411, 411, 411, 411, 411, 411, 411, 411, 411, 411, 411, 411, 411, 411, 411, 411, 411, 411, 422, 422, 422, 422, 422, 422, 422, 422, 422, 422, 422, 422, 411, 411, 411, 411, 411, 411, 411, 411, 422, 422, 422, 422, 422, 422, 411, 411, 411, 411, 411, 411, 411, 411, 44, 29, 44, 29, 234, 2] 
FO1             = 323574.0 
FO2             = 0.25 
DMAX            = Any[2944.0, 2892.0, 2275.0, 2595.0, 2112.0, 2592.0, 3663.0, 1788.0, 2935.0, 2756.0, 2055.0, 2608.0, 2283.0, 3171.0, 2015.0] 
Archivo [8] 
C               = [0, 1, 0, 0, 0, 0, 0, 0, 0, 0, 0, 0, 0, 0, 0, 0, 0, 0, 0, 0, 0, 0, 0, 0, 0, 0, 0, 0, 1, 0, 0, 0, 0, 0, 0, 0, 0, 0, 0, 0, 0, 0, 0, 1, 0, 0, 0, 0, 0, 0, 0, 0, 0, 0, 0, 0, 0, 0, 0, 0, 0, 0, 0, 0, 0, 0, 0, 0, 0, 0, 0, 0, 0, 0, 0, 0, 0, 0, 0, 0, 0, 0, 0, 0, 0, 0, 0, 0, 1, 0, 0, 0, 0, 0, 0, 0, 0, 0, 0, 0, 0, 0, 0, 0, 0, 0, 0, 0, 0, 0, 0, 0, 0, 0, 0, 0, 0, 0, 0, 0, 0, 0, 0, 0, 1, 0, 0, 0, 0, 0, 0, 0, 0, 0, 0, 0, 0, 0, 0, 0, 0, 0, 0, 0, 1, 0, 0, 0, 0, 0, 0, 0, 0, 0, 0, 0, 0, 0, 0, 0, 0, 0, 0, 0, 0, 0, 0, 0, 0, 0, 0, 0, 0, 0, 0, 0, 0, 1, 0, 0, 0, 0, 0, 0, 0, 0, 0, 0, 0, 0, 0, 0, 0, 0, 0, 0, 0, 0, 0, 0, 0, 0, 0, 0, 0, 0, 0, 0, 0, 0, 0, 0, 1, 0, 0, 0, 0, 0, 0, 0, 0, 0, 0, 0, 0, 0, 0, 0, 0, 0, 0, 0, 0, 1, 0, 0, 0, 0, 0, 0, 0, 0, 0, 0, 0, 0, 0, 0, 0, 0, 0, 0, 0, 0, 0, 0, 0, 0, 0, 0, 0, 0, 0, 0, 0, 0, 0, 0, 0, 0, 0, 0, 0, 0, 0, 0, 0, 0, 0, 0, 0, 0, 0, 0, 0, 0, 0, 0, 0, 0, 0, 1, 0, 0, 0, 0, 0, 0, 0, 0, 0, 0, 0, 0, 0, 0, 0, 0, 0, 0, 0, 0, 0, 0, 0, 0, 0, 0, 0, 0, 0, 0, 0, 0, 0, 0, 0, 0, 0, 0, 0, 0, 1, 0, 0, 0, 0, 1, 0, 0, 0, 0, 0, 0, 0, 0, 0, 0, 0, 0, 0, 0, 0, 0, 0, 0, 0, 0, 0, 0, 0, 0, 0, 0, 0, 0, 0, 0, 0, 0, 0, 0, 0, 0, 0, 0, 0, 0, 1, 0, 0, 0, 0, 0, 0, 0, 0, 0, 0, 0, 0, 0, 0, 0, 0, 0, 0, 0, 0, 0, 0, 0, 0, 0, 0, 0, 0, 0, 0, 0, 1, 0, 0, 0, 0, 0, 0, 0, 0, 0, 0, 1, 0, 0, 0, 0, 0, 0, 0, 0, 0, 0, 0, 0, 0, 0, 0, 0, 0, 0, 0, 0, 0, 0, 0, 0, 0, 0, 0, 0, 0, 0] 
E               = [2, 2, 125, 2, 2, 2, 44, 125, 2, 29, 125, 125, 44, 44, 2, 2, 2, 2, 125, 125, 44, 44, 2, 2, 2, 29, 125, 44, 29, 29, 29, 44, 145, 2, 2, 44, 44, 178, 125, 125, 29, 44, 29, 44, 44, 178, 145, 29, 44, 44, 145, 29, 44, 178, 29, 145, 44, 44, 292, 44, 178, 44, 178, 145, 29, 178, 44, 178, 292, 145, 44, 178, 178, 178, 178, 44, 178, 44, 178, 178, 145, 29, 178, 145, 2, 125, 29, 89, 89, 89, 89, 89, 89, 89, 89, 29, 89, 29, 29, 89, 89, 89, 2, 89, 89, 89, 125, 125, 89, 29, 2, 29, 29, 125, 125, 125, 125, 125, 125, 125, 125, 125, 125, 125, 125, 125, 125, 125, 145, 125, 145, 125, 125, 145, 125, 145, 125, 125, 145, 145, 145, 145, 145, 145, 145, 145, 145, 145, 145, 145, 145, 145, 145, 145, 145, 145, 292, 145, 145, 2, 145, 145, 145, 145, 145, 178, 178, 178, 178, 178, 178, 178, 178, 2, 178, 29, 178, 178, 178, 44, 178, 292, 2, 178, 178, 44, 178, 178, 178, 178, 178, 234, 234, 2, 234, 234, 213, 213, 234, 234, 234, 234, 213, 213, 234, 213, 2, 234, 213, 213, 234, 234, 213, 213, 234, 234, 2, 234, 213, 213, 213, 234, 234, 234, 2, 2, 213, 234, 234, 234, 234, 2, 234, 234, 234, 213, 234, 234, 2, 213, 213, 213, 213, 213, 234, 2, 2, 2, 2, 178, 234, 2, 44, 29, 2, 29, 2, 44, 29, 29, 44, 89, 2, 29, 29, 29, 29, 89, 29, 29, 29, 29, 29, 29, 29, 145, 145, 292, 292, 145, 292, 292, 292, 292, 178, 178, 178, 333, 292, 333, 292, 292, 292, 292, 292, 292, 292, 292, 292, 292, 292, 338, 338, 333, 333, 333, 333, 333, 333, 333, 333, 333, 333, 333, 333, 292, 292, 292, 292, 292, 338, 338, 338, 338, 338, 333, 333, 333, 333, 333, 333, 333, 333, 333, 333, 338, 338, 338, 338, 338, 338, 338, 338, 338, 338, 338, 333, 333, 333, 333, 333, 333, 333, 333, 379, 379, 338, 338, 338, 338, 379, 333, 333, 333, 333, 333, 333, 379, 379, 411, 379, 379, 379, 338, 338, 411, 379, 379, 379, 379, 379, 379, 422, 333, 333, 422, 422, 422, 422, 422, 422, 379, 379, 379, 379, 379, 379, 411, 411, 379, 411, 411, 411, 411, 411, 411, 411, 411, 411, 411, 411, 411, 422, 422, 422, 422, 422, 422, 422, 422, 422, 422, 422, 422, 411, 411, 411, 411, 411, 411, 411, 411, 422, 422, 422, 422, 422, 422, 422, 422, 411, 411, 411, 411, 411, 411, 44, 125, 44, 29, 234, 2] 
FO1             = 324860.0 
FO2             = 0.24 
DMAX            = Any[2944.0, 2892.0, 2510.0, 2595.0, 2423.0, 2739.0, 3370.0, 1788.0, 2935.0, 2756.0, 2670.0, 2494.0, 1743.0, 3171.0, 2396.0] 
Archivo [9] 
C               = [0, 1, 0, 0, 0, 0, 0, 0, 0, 0, 0, 0, 0, 0, 0, 0, 0, 0, 0, 0, 0, 0, 0, 0, 0, 0, 0, 0, 1, 0, 0, 0, 0, 0, 0, 0, 0, 0, 0, 0, 0, 0, 0, 1, 0, 0, 0, 0, 0, 0, 0, 0, 0, 0, 0, 0, 0, 0, 0, 0, 0, 0, 0, 0, 0, 0, 0, 0, 0, 0, 0, 0, 0, 0, 0, 0, 0, 0, 0, 0, 0, 0, 0, 0, 0, 0, 0, 0, 1, 0, 0, 0, 0, 0, 0, 0, 0, 0, 0, 0, 0, 0, 0, 0, 0, 0, 0, 0, 0, 0, 0, 0, 0, 0, 0, 0, 0, 0, 0, 0, 0, 0, 0, 0, 1, 0, 0, 0, 0, 0, 0, 0, 0, 0, 0, 0, 0, 0, 0, 0, 0, 0, 0, 0, 1, 0, 0, 0, 0, 0, 0, 0, 0, 0, 0, 0, 0, 0, 0, 0, 0, 0, 0, 0, 0, 0, 0, 0, 0, 0, 0, 0, 0, 0, 0, 0, 0, 1, 0, 0, 0, 0, 0, 0, 0, 0, 0, 0, 0, 0, 0, 0, 0, 0, 0, 0, 0, 0, 0, 0, 0, 0, 0, 0, 0, 0, 0, 0, 0, 0, 0, 0, 1, 0, 0, 0, 0, 0, 0, 0, 0, 0, 1, 0, 0, 0, 0, 0, 0, 0, 0, 0, 0, 0, 0, 0, 0, 0, 0, 0, 0, 0, 0, 0, 0, 0, 0, 0, 0, 0, 0, 0, 0, 0, 0, 0, 0, 0, 0, 0, 0, 0, 0, 0, 0, 0, 0, 0, 0, 0, 0, 0, 0, 0, 0, 0, 0, 0, 0, 0, 0, 0, 0, 0, 0, 0, 0, 0, 0, 0, 0, 1, 0, 0, 0, 0, 0, 0, 0, 0, 0, 0, 0, 0, 0, 0, 0, 0, 0, 0, 0, 0, 0, 0, 0, 0, 0, 0, 0, 0, 0, 0, 0, 0, 0, 0, 0, 0, 0, 0, 0, 0, 1, 0, 0, 0, 0, 1, 0, 0, 0, 0, 0, 0, 0, 0, 0, 0, 0, 0, 0, 0, 0, 0, 0, 0, 0, 0, 0, 0, 0, 0, 0, 0, 0, 0, 0, 0, 0, 0, 0, 0, 0, 0, 0, 0, 0, 0, 1, 0, 0, 0, 0, 0, 0, 0, 0, 0, 0, 0, 0, 0, 0, 0, 0, 0, 0, 0, 0, 0, 0, 0, 0, 0, 0, 0, 0, 0, 0, 0, 1, 0, 0, 0, 0, 0, 0, 0, 0, 0, 0, 1, 0, 0, 0, 0, 0, 0, 0, 0, 0, 0, 0, 0, 0, 0, 0, 0, 0, 0, 0, 0, 0, 0, 0, 0, 0, 0, 0, 0, 0, 0] 
E               = [2, 2, 125, 2, 2, 2, 2, 125, 2, 29, 2, 125, 44, 2, 2, 2, 2, 2, 125, 125, 44, 44, 2, 2, 2, 29, 125, 44, 29, 125, 29, 44, 125, 125, 125, 44, 44, 178, 44, 125, 29, 44, 29, 44, 44, 178, 145, 29, 44, 44, 145, 29, 44, 44, 89, 145, 44, 44, 178, 44, 178, 44, 178, 145, 29, 178, 44, 178, 145, 145, 44, 178, 178, 178, 178, 44, 178, 178, 178, 178, 145, 29, 178, 145, 2, 125, 29, 89, 89, 89, 89, 89, 89, 89, 89, 29, 89, 29, 29, 89, 89, 89, 2, 89, 89, 89, 125, 125, 89, 29, 2, 29, 29, 125, 125, 29, 125, 125, 125, 125, 125, 125, 125, 125, 125, 125, 125, 125, 125, 125, 145, 125, 125, 145, 125, 145, 125, 125, 145, 145, 145, 145, 145, 145, 145, 145, 145, 145, 145, 145, 145, 145, 145, 145, 145, 145, 292, 145, 145, 2, 145, 145, 145, 145, 145, 178, 178, 178, 178, 178, 178, 178, 178, 2, 292, 29, 178, 178, 178, 44, 178, 292, 2, 178, 178, 223, 178, 178, 178, 178, 178, 223, 223, 2, 223, 223, 213, 213, 223, 223, 223, 223, 213, 223, 223, 213, 2, 223, 213, 223, 223, 223, 213, 213, 223, 223, 2, 223, 213, 213, 213, 223, 223, 223, 223, 2, 213, 223, 213, 223, 223, 223, 223, 223, 223, 213, 213, 223, 2, 213, 213, 223, 213, 213, 223, 2, 2, 2, 2, 2, 2, 2, 2, 2, 2, 29, 2, 44, 29, 29, 44, 89, 125, 29, 29, 29, 29, 89, 29, 29, 29, 29, 29, 29, 29, 145, 145, 292, 292, 145, 292, 292, 292, 292, 178, 178, 178, 178, 292, 292, 292, 292, 292, 292, 292, 292, 292, 292, 292, 292, 292, 338, 292, 333, 333, 333, 333, 333, 333, 333, 333, 333, 333, 333, 333, 292, 292, 292, 292, 292, 338, 338, 338, 338, 338, 333, 333, 333, 333, 333, 333, 333, 333, 333, 338, 338, 338, 338, 338, 338, 338, 338, 338, 338, 338, 333, 333, 333, 333, 333, 333, 333, 333, 333, 379, 379, 338, 338, 338, 379, 379, 333, 333, 333, 333, 333, 333, 333, 379, 411, 379, 379, 338, 338, 338, 411, 379, 379, 379, 379, 379, 379, 422, 333, 422, 422, 422, 422, 422, 422, 422, 379, 379, 379, 379, 379, 379, 411, 411, 411, 411, 411, 411, 411, 411, 411, 411, 411, 411, 411, 411, 411, 422, 422, 422, 422, 422, 422, 422, 422, 422, 422, 422, 422, 411, 411, 411, 411, 411, 411, 411, 411, 422, 422, 422, 422, 422, 422, 422, 411, 411, 411, 411, 411, 411, 411, 44, 125, 44, 29, 223, 2] 
FO1             = 309819.0 
FO2             = 0.29 
DMAX            = Any[2711.0, 2416.0, 2222.0, 2595.0, 2319.0, 2257.0, 3006.0, 1944.0, 3356.0, 1858.0, 2464.0, 2307.0, 1646.0, 3171.0, 2051.0] 
