alfa Weighted Sum     = 0.5 
n° iter               = 6 
Estructura vecindario = 1 
Vecinos por iteración = 3 
N° clusters           = 15 
N° estaciones         = 452 
1° FO Weighted Sum    = 156534.5
1° FO1                = 313068.0
1° FO2                = 0.9999999999990334
Archivo [1] 
C               = [0, 0, 0, 0, 0, 0, 0, 0, 0, 0, 0, 0, 0, 0, 0, 0, 0, 0, 1, 0, 0, 0, 0, 0, 0, 0, 0, 0, 0, 0, 0, 0, 0, 0, 0, 0, 0, 0, 0, 0, 0, 0, 0, 0, 0, 0, 0, 0, 0, 0, 0, 0, 0, 0, 0, 0, 0, 0, 0, 0, 0, 0, 0, 1, 0, 0, 0, 0, 0, 0, 0, 0, 0, 0, 0, 0, 1, 0, 0, 0, 0, 0, 0, 0, 0, 0, 0, 0, 0, 0, 0, 0, 0, 0, 0, 0, 0, 0, 0, 0, 0, 0, 0, 0, 0, 1, 0, 0, 0, 0, 0, 0, 0, 0, 0, 0, 0, 0, 0, 0, 0, 0, 0, 0, 0, 0, 0, 0, 0, 0, 0, 0, 0, 0, 0, 0, 0, 0, 0, 0, 0, 0, 1, 0, 0, 0, 0, 0, 0, 0, 0, 0, 0, 0, 0, 0, 0, 0, 0, 0, 0, 0, 0, 0, 0, 0, 0, 0, 0, 0, 0, 0, 0, 0, 0, 0, 0, 0, 0, 0, 0, 0, 0, 0, 0, 0, 0, 0, 0, 0, 0, 0, 0, 0, 0, 0, 0, 0, 0, 1, 0, 0, 0, 0, 0, 0, 0, 0, 0, 0, 0, 0, 0, 0, 0, 0, 0, 0, 0, 0, 0, 0, 0, 0, 0, 0, 0, 0, 0, 0, 0, 0, 1, 0, 0, 0, 0, 0, 0, 0, 0, 0, 0, 0, 0, 0, 0, 0, 0, 0, 1, 0, 0, 0, 0, 0, 0, 0, 0, 0, 0, 0, 0, 0, 0, 0, 0, 0, 0, 0, 1, 0, 0, 0, 0, 0, 0, 0, 0, 0, 0, 0, 0, 0, 0, 0, 0, 0, 1, 0, 0, 0, 0, 0, 0, 0, 0, 0, 0, 0, 0, 0, 0, 0, 0, 0, 0, 0, 0, 0, 0, 0, 0, 0, 0, 0, 0, 0, 0, 0, 0, 1, 0, 0, 0, 0, 0, 0, 0, 0, 0, 0, 0, 0, 0, 0, 0, 0, 0, 0, 0, 0, 0, 0, 0, 0, 0, 0, 0, 0, 0, 0, 0, 0, 0, 0, 0, 0, 0, 0, 0, 0, 0, 0, 0, 0, 0, 0, 0, 0, 0, 0, 0, 0, 1, 0, 0, 0, 0, 0, 0, 0, 0, 0, 0, 0, 0, 0, 0, 0, 0, 1, 0, 0, 0, 0, 0, 0, 0, 0, 0, 0, 0, 0, 0, 0, 0, 0, 0, 0, 0, 0, 0, 0, 0, 0, 0, 0, 0, 0, 0, 0, 0, 0, 0, 0, 0, 0, 0, 0, 0, 0, 0, 1, 0, 0, 0, 0, 0, 0, 0, 0, 1, 0, 0, 0, 0, 0, 0, 0, 0, 0] 
E               = [19, 251, 19, 251, 251, 19, 251, 19, 251, 19, 19, 19, 251, 251, 251, 251, 19, 19, 19, 19, 251, 251, 251, 251, 19, 19, 19, 251, 271, 19, 19, 251, 19, 19, 19, 251, 251, 64, 19, 19, 271, 64, 271, 64, 64, 64, 64, 271, 64, 64, 64, 271, 77, 64, 106, 64, 64, 64, 64, 77, 64, 77, 64, 64, 106, 77, 77, 77, 64, 64, 64, 77, 77, 64, 77, 64, 77, 77, 77, 77, 64, 106, 77, 64, 19, 19, 106, 106, 106, 106, 106, 106, 106, 106, 106, 106, 106, 19, 106, 106, 106, 106, 271, 106, 106, 106, 19, 19, 106, 106, 19, 19, 19, 19, 19, 19, 19, 19, 19, 19, 19, 106, 19, 143, 19, 19, 19, 19, 143, 143, 143, 143, 143, 143, 143, 143, 143, 143, 143, 143, 143, 64, 143, 143, 143, 64, 143, 143, 143, 64, 143, 64, 64, 64, 143, 64, 64, 143, 143, 271, 64, 64, 143, 64, 143, 77, 77, 77, 77, 77, 77, 77, 77, 271, 289, 271, 77, 77, 77, 77, 77, 289, 19, 77, 77, 77, 77, 77, 77, 77, 77, 233, 233, 251, 251, 200, 233, 233, 200, 200, 200, 233, 200, 200, 200, 233, 200, 200, 233, 233, 200, 200, 233, 233, 233, 233, 200, 200, 233, 233, 233, 233, 233, 200, 200, 251, 233, 233, 233, 233, 233, 200, 233, 233, 233, 233, 233, 233, 251, 233, 233, 233, 200, 200, 200, 251, 251, 251, 251, 251, 251, 251, 251, 271, 19, 271, 19, 77, 271, 271, 251, 106, 19, 271, 271, 271, 271, 271, 271, 271, 271, 271, 271, 271, 271, 143, 143, 64, 289, 143, 322, 322, 289, 289, 289, 289, 289, 289, 289, 289, 289, 289, 322, 322, 322, 322, 322, 322, 322, 322, 289, 289, 289, 289, 289, 289, 289, 289, 289, 289, 289, 289, 289, 289, 289, 289, 322, 322, 322, 322, 322, 322, 322, 322, 322, 289, 289, 289, 289, 289, 289, 392, 289, 289, 289, 322, 322, 322, 322, 322, 375, 375, 322, 375, 322, 392, 392, 289, 392, 392, 392, 289, 392, 392, 392, 392, 375, 375, 375, 375, 392, 392, 392, 392, 392, 392, 392, 392, 392, 392, 392, 392, 375, 375, 375, 375, 375, 375, 392, 392, 392, 392, 392, 392, 392, 392, 392, 392, 392, 392, 392, 392, 392, 392, 392, 392, 375, 375, 375, 375, 375, 375, 375, 375, 375, 443, 443, 443, 443, 443, 443, 434, 434, 392, 392, 392, 392, 392, 392, 392, 392, 392, 434, 434, 434, 434, 443, 443, 443, 443, 443, 443, 434, 434, 434, 434, 434, 434, 434, 434, 434, 443, 443, 443, 443, 443, 251, 106, 251, 271, 233, 251] 
FO Weighted Sum = 154947.9999999956 
FO1             = 309895.0 
FO2             = 0.9999999912084366 
Archivo [2] 
C               = [0, 0, 0, 0, 0, 0, 0, 0, 0, 0, 0, 0, 0, 0, 0, 0, 0, 0, 1, 0, 0, 0, 0, 0, 0, 0, 0, 0, 0, 0, 0, 0, 0, 0, 0, 0, 0, 0, 0, 0, 0, 0, 0, 0, 0, 0, 0, 0, 0, 0, 0, 0, 0, 0, 0, 0, 0, 0, 0, 0, 0, 0, 0, 1, 0, 0, 0, 0, 0, 0, 0, 0, 0, 0, 0, 0, 1, 0, 0, 0, 0, 0, 0, 0, 0, 0, 0, 0, 0, 0, 0, 0, 0, 0, 0, 0, 0, 0, 0, 0, 0, 0, 0, 0, 0, 1, 0, 0, 0, 0, 0, 0, 0, 0, 0, 0, 0, 0, 0, 0, 0, 0, 0, 0, 0, 0, 0, 0, 0, 0, 0, 0, 0, 0, 0, 0, 0, 0, 0, 0, 0, 0, 1, 0, 0, 0, 0, 0, 0, 0, 0, 0, 0, 0, 0, 0, 0, 0, 0, 0, 0, 0, 0, 0, 0, 0, 0, 0, 0, 0, 0, 0, 0, 0, 0, 0, 0, 0, 0, 0, 0, 0, 0, 0, 0, 0, 0, 0, 0, 0, 0, 0, 0, 0, 0, 0, 0, 0, 0, 1, 0, 0, 0, 0, 0, 0, 0, 0, 0, 0, 0, 0, 0, 0, 0, 0, 0, 0, 0, 0, 0, 0, 0, 0, 0, 0, 0, 0, 0, 0, 0, 0, 1, 0, 0, 0, 0, 0, 0, 0, 0, 0, 0, 0, 0, 0, 0, 0, 0, 0, 1, 0, 0, 0, 0, 0, 0, 0, 0, 0, 0, 0, 0, 0, 0, 0, 0, 0, 0, 0, 1, 0, 0, 0, 0, 0, 0, 0, 0, 0, 0, 0, 0, 0, 0, 0, 0, 0, 1, 0, 0, 0, 0, 0, 0, 0, 0, 0, 0, 0, 0, 0, 0, 0, 0, 0, 0, 0, 0, 0, 0, 0, 0, 0, 0, 0, 0, 0, 0, 0, 0, 1, 0, 0, 0, 0, 0, 0, 0, 0, 0, 0, 0, 0, 0, 0, 0, 0, 0, 0, 0, 0, 0, 0, 0, 0, 0, 0, 0, 0, 0, 0, 0, 0, 0, 0, 0, 0, 0, 0, 0, 0, 0, 0, 0, 0, 0, 1, 0, 0, 0, 0, 0, 0, 1, 0, 0, 0, 0, 0, 0, 0, 0, 0, 0, 0, 0, 0, 0, 0, 0, 0, 0, 0, 0, 0, 0, 0, 0, 0, 0, 0, 0, 0, 0, 0, 0, 0, 0, 0, 0, 0, 0, 0, 0, 0, 0, 0, 0, 0, 0, 0, 0, 0, 0, 0, 0, 0, 0, 0, 0, 0, 0, 1, 0, 0, 0, 0, 0, 0, 0, 0, 1, 0, 0, 0, 0, 0, 0, 0, 0, 0] 
E               = [19, 251, 19, 251, 251, 19, 251, 19, 251, 19, 19, 19, 251, 251, 251, 251, 19, 19, 19, 19, 251, 251, 251, 251, 19, 19, 19, 251, 271, 19, 19, 251, 19, 19, 19, 251, 251, 64, 19, 19, 271, 64, 271, 64, 64, 64, 64, 271, 64, 64, 64, 271, 77, 64, 106, 64, 64, 64, 64, 77, 64, 77, 64, 64, 106, 77, 77, 77, 64, 64, 64, 77, 77, 64, 77, 64, 77, 77, 77, 77, 64, 106, 77, 64, 19, 19, 106, 106, 106, 106, 106, 106, 106, 106, 106, 106, 106, 19, 106, 106, 106, 106, 271, 106, 106, 106, 19, 19, 106, 106, 19, 19, 19, 19, 19, 19, 19, 19, 19, 19, 19, 106, 19, 143, 19, 19, 19, 19, 143, 143, 143, 143, 143, 143, 143, 143, 143, 143, 143, 143, 143, 64, 143, 143, 143, 64, 143, 143, 143, 64, 143, 64, 64, 64, 143, 64, 64, 143, 143, 271, 64, 64, 143, 64, 143, 77, 77, 77, 77, 77, 77, 77, 77, 271, 289, 271, 77, 77, 77, 77, 77, 289, 19, 77, 77, 77, 77, 77, 77, 77, 77, 233, 233, 251, 251, 200, 233, 233, 200, 200, 200, 233, 200, 200, 200, 233, 200, 200, 233, 233, 200, 200, 233, 233, 233, 233, 200, 200, 233, 233, 233, 233, 233, 200, 200, 251, 233, 233, 233, 233, 233, 200, 233, 233, 233, 233, 233, 233, 251, 233, 233, 233, 200, 200, 200, 251, 251, 251, 251, 251, 251, 251, 251, 271, 19, 271, 19, 77, 271, 271, 251, 106, 19, 271, 271, 271, 271, 271, 271, 271, 271, 271, 271, 271, 271, 143, 143, 289, 289, 143, 322, 322, 289, 289, 289, 289, 289, 289, 289, 289, 289, 289, 322, 322, 322, 322, 322, 322, 322, 289, 289, 289, 289, 289, 289, 289, 289, 289, 289, 289, 289, 289, 289, 289, 289, 289, 322, 322, 322, 322, 322, 322, 322, 322, 322, 289, 289, 289, 289, 368, 368, 368, 368, 368, 289, 322, 322, 322, 322, 322, 375, 375, 322, 375, 368, 368, 368, 368, 368, 368, 368, 368, 368, 368, 368, 368, 375, 375, 375, 375, 368, 368, 368, 368, 368, 368, 368, 368, 368, 368, 368, 368, 375, 375, 375, 375, 375, 375, 368, 368, 368, 368, 368, 368, 368, 368, 368, 368, 368, 368, 368, 368, 434, 434, 434, 434, 375, 375, 375, 375, 375, 375, 375, 375, 375, 443, 443, 443, 443, 443, 443, 434, 434, 434, 368, 368, 368, 368, 368, 434, 434, 434, 434, 434, 434, 434, 443, 443, 443, 443, 443, 443, 434, 434, 434, 434, 434, 434, 434, 434, 434, 443, 443, 443, 443, 443, 251, 106, 251, 271, 233, 251] 
FO Weighted Sum = 149957.99999999965 
FO1             = 299915.0 
FO2             = 0.9999999992664785 
Archivo [3] 
C               = [0, 0, 0, 0, 0, 0, 0, 0, 0, 0, 0, 0, 0, 0, 0, 0, 0, 0, 1, 0, 0, 0, 0, 0, 0, 0, 0, 0, 0, 0, 0, 0, 0, 0, 0, 0, 0, 0, 0, 0, 0, 0, 0, 0, 0, 0, 0, 0, 0, 0, 0, 0, 0, 0, 0, 0, 0, 0, 0, 0, 0, 0, 0, 1, 0, 0, 0, 0, 0, 0, 0, 0, 0, 0, 0, 0, 1, 0, 0, 0, 0, 0, 0, 0, 0, 0, 0, 0, 0, 0, 0, 0, 0, 0, 0, 0, 0, 0, 0, 0, 0, 0, 0, 0, 0, 1, 0, 0, 0, 0, 0, 0, 0, 0, 0, 0, 0, 0, 0, 0, 0, 0, 0, 0, 0, 0, 0, 0, 0, 0, 0, 0, 0, 0, 0, 0, 0, 0, 0, 0, 0, 0, 1, 0, 0, 0, 0, 0, 0, 0, 0, 0, 0, 0, 0, 0, 0, 0, 0, 0, 0, 0, 0, 0, 0, 0, 0, 0, 0, 0, 0, 0, 0, 0, 0, 0, 0, 0, 0, 0, 0, 0, 0, 0, 0, 0, 0, 0, 0, 0, 0, 0, 0, 0, 0, 0, 0, 0, 0, 0, 0, 0, 0, 0, 0, 0, 0, 1, 1, 0, 0, 0, 0, 0, 0, 0, 0, 0, 0, 0, 0, 0, 0, 0, 0, 0, 0, 0, 0, 0, 0, 0, 0, 0, 0, 0, 0, 0, 0, 0, 0, 0, 0, 0, 0, 0, 0, 0, 0, 0, 1, 0, 0, 0, 0, 0, 0, 0, 0, 0, 0, 0, 0, 0, 0, 0, 0, 0, 0, 0, 1, 0, 0, 0, 0, 0, 0, 0, 0, 0, 0, 0, 0, 0, 0, 0, 0, 0, 1, 0, 0, 0, 1, 0, 0, 0, 0, 0, 0, 0, 0, 0, 0, 0, 0, 0, 0, 0, 0, 0, 0, 0, 0, 0, 0, 0, 0, 0, 0, 0, 0, 0, 0, 0, 0, 0, 0, 0, 0, 0, 0, 0, 0, 0, 0, 0, 0, 0, 0, 0, 0, 0, 0, 0, 0, 0, 0, 0, 0, 0, 0, 0, 0, 0, 0, 0, 0, 0, 0, 0, 0, 0, 0, 0, 0, 0, 0, 0, 0, 0, 0, 0, 0, 0, 1, 0, 0, 0, 0, 0, 0, 0, 0, 0, 0, 0, 0, 0, 0, 0, 0, 1, 0, 0, 0, 0, 0, 0, 0, 0, 0, 0, 0, 0, 0, 0, 0, 0, 0, 0, 0, 0, 0, 0, 0, 0, 0, 0, 0, 0, 0, 0, 0, 0, 0, 0, 0, 0, 0, 0, 0, 0, 0, 1, 0, 0, 0, 0, 0, 0, 0, 0, 1, 0, 0, 0, 0, 0, 0, 0, 0, 0] 
E               = [19, 251, 19, 251, 251, 19, 251, 19, 251, 19, 19, 19, 251, 251, 251, 251, 19, 19, 19, 19, 251, 251, 251, 251, 19, 19, 19, 251, 271, 19, 19, 251, 19, 19, 19, 251, 251, 64, 19, 19, 271, 64, 271, 64, 64, 64, 64, 271, 64, 64, 64, 271, 77, 64, 106, 64, 64, 64, 64, 77, 64, 77, 64, 64, 106, 77, 77, 77, 64, 64, 64, 77, 77, 64, 77, 64, 77, 77, 77, 77, 64, 106, 77, 64, 19, 19, 106, 106, 106, 106, 106, 106, 106, 106, 106, 106, 106, 19, 106, 106, 106, 106, 271, 106, 106, 106, 19, 19, 106, 106, 19, 19, 19, 19, 19, 19, 19, 19, 19, 19, 19, 106, 19, 143, 19, 19, 19, 19, 143, 143, 143, 143, 143, 143, 143, 143, 143, 143, 143, 143, 143, 64, 143, 143, 143, 64, 143, 143, 143, 64, 143, 64, 64, 64, 143, 64, 64, 143, 143, 271, 64, 293, 143, 293, 293, 77, 77, 77, 77, 77, 77, 77, 77, 271, 289, 271, 77, 77, 77, 77, 77, 289, 19, 77, 77, 77, 77, 77, 77, 77, 77, 208, 208, 251, 251, 208, 209, 209, 208, 208, 208, 209, 208, 208, 208, 209, 208, 208, 209, 208, 208, 208, 209, 209, 209, 208, 208, 208, 209, 209, 209, 208, 208, 208, 208, 251, 209, 209, 209, 209, 208, 208, 208, 208, 209, 209, 208, 208, 251, 209, 209, 209, 208, 208, 208, 251, 251, 251, 251, 251, 251, 251, 251, 271, 19, 271, 19, 77, 271, 271, 251, 106, 19, 271, 271, 271, 271, 271, 271, 271, 271, 271, 271, 271, 271, 293, 293, 293, 293, 293, 293, 293, 293, 289, 289, 289, 289, 289, 289, 289, 293, 293, 293, 293, 293, 293, 293, 293, 293, 293, 289, 289, 289, 289, 289, 289, 289, 289, 289, 289, 289, 289, 289, 289, 289, 289, 293, 293, 293, 293, 293, 293, 293, 293, 289, 289, 289, 289, 289, 289, 289, 392, 289, 289, 289, 289, 375, 375, 375, 375, 375, 375, 375, 375, 392, 392, 392, 289, 289, 392, 289, 289, 392, 392, 392, 392, 375, 375, 375, 375, 392, 392, 392, 392, 392, 392, 392, 392, 392, 392, 392, 392, 375, 375, 375, 375, 375, 375, 392, 392, 392, 392, 392, 392, 392, 392, 392, 392, 392, 392, 392, 392, 392, 392, 392, 392, 375, 375, 375, 375, 375, 375, 375, 375, 375, 443, 443, 443, 443, 443, 443, 434, 434, 392, 392, 392, 392, 392, 392, 392, 392, 392, 434, 434, 434, 434, 443, 443, 443, 443, 443, 443, 434, 434, 434, 434, 434, 434, 434, 434, 434, 443, 443, 443, 443, 443, 251, 106, 251, 271, 209, 251] 
FO Weighted Sum = 151203.999999999 
FO1             = 302407.0 
FO2             = 0.999999998027499 
Archivo [4] 
C               = [0, 0, 0, 0, 0, 0, 0, 0, 0, 0, 0, 0, 0, 0, 0, 0, 0, 0, 1, 0, 0, 0, 0, 0, 0, 0, 0, 0, 0, 0, 0, 0, 0, 0, 0, 0, 0, 0, 0, 0, 0, 0, 0, 0, 0, 0, 0, 0, 0, 0, 0, 0, 0, 0, 0, 0, 0, 0, 0, 0, 0, 0, 0, 1, 0, 0, 0, 0, 0, 0, 0, 0, 0, 0, 0, 0, 1, 0, 0, 0, 0, 0, 0, 0, 0, 0, 0, 0, 0, 0, 0, 0, 0, 0, 0, 0, 0, 0, 0, 0, 0, 0, 0, 0, 0, 1, 0, 0, 0, 0, 0, 0, 0, 0, 0, 0, 0, 0, 0, 0, 0, 0, 0, 0, 0, 0, 0, 0, 0, 0, 0, 0, 0, 0, 0, 0, 0, 0, 0, 0, 0, 0, 1, 0, 0, 0, 0, 0, 0, 0, 0, 0, 0, 0, 0, 0, 0, 0, 0, 0, 0, 0, 0, 0, 0, 0, 0, 0, 0, 0, 0, 0, 0, 0, 0, 0, 0, 0, 0, 0, 0, 0, 0, 0, 0, 0, 0, 0, 0, 0, 0, 0, 0, 0, 0, 0, 0, 0, 0, 0, 0, 0, 0, 0, 0, 0, 0, 0, 0, 1, 0, 0, 0, 0, 0, 0, 0, 0, 0, 0, 0, 0, 0, 0, 0, 0, 0, 0, 0, 0, 0, 0, 1, 0, 0, 0, 0, 0, 0, 0, 0, 0, 0, 0, 0, 0, 0, 0, 0, 0, 1, 0, 0, 0, 0, 0, 0, 0, 0, 0, 0, 0, 0, 0, 0, 0, 0, 0, 0, 0, 1, 0, 0, 0, 0, 0, 0, 0, 0, 0, 0, 0, 0, 0, 0, 0, 0, 0, 1, 0, 0, 0, 0, 0, 0, 0, 0, 0, 0, 0, 0, 0, 0, 0, 0, 0, 0, 0, 0, 0, 0, 0, 0, 0, 0, 0, 0, 0, 0, 0, 0, 1, 0, 0, 0, 0, 0, 0, 0, 0, 0, 0, 0, 0, 0, 0, 0, 0, 0, 0, 0, 0, 0, 0, 0, 0, 0, 0, 0, 0, 0, 0, 0, 0, 0, 0, 0, 0, 0, 0, 0, 0, 0, 0, 0, 0, 0, 1, 0, 0, 0, 0, 0, 0, 1, 0, 0, 0, 0, 0, 0, 0, 0, 0, 0, 0, 0, 0, 0, 0, 0, 0, 0, 0, 0, 0, 0, 0, 0, 0, 0, 0, 0, 0, 0, 0, 0, 0, 0, 0, 0, 0, 0, 0, 0, 0, 0, 0, 0, 0, 0, 0, 0, 0, 0, 0, 0, 0, 0, 0, 0, 0, 0, 1, 0, 0, 0, 0, 0, 0, 0, 0, 1, 0, 0, 0, 0, 0, 0, 0, 0, 0] 
E               = [19, 251, 19, 251, 251, 19, 251, 19, 251, 19, 19, 19, 251, 251, 251, 251, 19, 19, 19, 19, 251, 251, 251, 251, 19, 19, 19, 251, 271, 19, 19, 251, 19, 19, 19, 251, 251, 64, 19, 19, 271, 64, 271, 64, 64, 64, 64, 271, 64, 64, 64, 271, 77, 64, 106, 64, 64, 64, 64, 77, 64, 77, 64, 64, 106, 77, 77, 77, 64, 64, 64, 77, 77, 64, 77, 64, 77, 77, 77, 77, 64, 106, 77, 64, 19, 19, 106, 106, 106, 106, 106, 106, 106, 106, 106, 106, 106, 19, 106, 106, 106, 106, 271, 106, 106, 106, 19, 19, 106, 106, 19, 19, 19, 19, 19, 19, 19, 19, 19, 19, 19, 106, 19, 143, 19, 19, 19, 19, 143, 143, 143, 143, 143, 143, 143, 143, 143, 143, 143, 143, 143, 64, 143, 143, 143, 64, 143, 143, 143, 64, 143, 64, 64, 64, 143, 64, 64, 143, 143, 271, 64, 64, 143, 64, 143, 77, 77, 77, 77, 77, 77, 77, 77, 271, 289, 271, 77, 77, 77, 77, 77, 289, 19, 77, 77, 77, 77, 77, 77, 77, 77, 233, 233, 251, 251, 210, 210, 210, 210, 210, 210, 210, 210, 210, 210, 210, 251, 210, 233, 210, 210, 210, 233, 233, 233, 210, 251, 210, 233, 233, 233, 233, 210, 210, 210, 251, 233, 233, 233, 233, 233, 251, 233, 233, 233, 233, 233, 233, 251, 210, 210, 210, 210, 210, 210, 251, 251, 251, 251, 251, 251, 251, 251, 271, 19, 271, 19, 77, 271, 271, 251, 106, 19, 271, 271, 271, 271, 271, 271, 271, 271, 271, 271, 271, 271, 143, 143, 289, 289, 143, 322, 322, 289, 289, 289, 289, 289, 289, 289, 289, 289, 289, 322, 322, 322, 322, 322, 322, 322, 289, 289, 289, 289, 289, 289, 289, 289, 289, 289, 289, 289, 289, 289, 289, 289, 289, 322, 322, 322, 322, 322, 322, 322, 322, 322, 289, 289, 289, 289, 368, 368, 368, 368, 368, 289, 322, 322, 322, 322, 322, 375, 375, 322, 375, 368, 368, 368, 368, 368, 368, 368, 368, 368, 368, 368, 368, 375, 375, 375, 375, 368, 368, 368, 368, 368, 368, 368, 368, 368, 368, 368, 368, 375, 375, 375, 375, 375, 375, 368, 368, 368, 368, 368, 368, 368, 368, 368, 368, 368, 368, 368, 368, 434, 434, 434, 434, 375, 375, 375, 375, 375, 375, 375, 375, 375, 443, 443, 443, 443, 443, 443, 434, 434, 434, 368, 368, 368, 368, 368, 434, 434, 434, 434, 434, 434, 434, 443, 443, 443, 443, 443, 443, 434, 434, 434, 434, 434, 434, 434, 434, 434, 443, 443, 443, 443, 443, 251, 106, 251, 271, 233, 251] 
FO Weighted Sum = 150358.9999999993 
FO1             = 300717.0 
FO2             = 0.9999999985668059 
Archivo [5] 
C               = [0, 0, 0, 0, 0, 0, 0, 0, 0, 0, 0, 0, 0, 0, 0, 0, 0, 0, 1, 0, 0, 0, 0, 0, 0, 0, 0, 0, 0, 0, 0, 0, 0, 0, 0, 0, 0, 0, 0, 0, 0, 0, 0, 0, 0, 0, 0, 0, 0, 0, 0, 0, 0, 0, 0, 0, 0, 0, 0, 0, 0, 0, 0, 1, 0, 0, 0, 0, 0, 0, 0, 0, 0, 0, 0, 0, 1, 0, 0, 0, 0, 0, 0, 0, 0, 0, 0, 0, 0, 0, 0, 0, 0, 0, 0, 0, 0, 0, 0, 0, 0, 0, 0, 0, 0, 1, 0, 0, 0, 0, 0, 0, 0, 0, 0, 0, 0, 0, 0, 0, 0, 0, 0, 0, 0, 0, 0, 0, 0, 0, 0, 0, 0, 0, 0, 0, 0, 0, 0, 0, 0, 0, 1, 0, 0, 0, 0, 0, 0, 0, 0, 0, 0, 0, 0, 0, 0, 0, 0, 0, 0, 0, 0, 0, 0, 0, 0, 0, 0, 0, 0, 0, 0, 0, 0, 0, 0, 0, 0, 0, 0, 0, 0, 0, 0, 0, 0, 0, 0, 0, 0, 0, 0, 0, 0, 0, 0, 0, 0, 0, 0, 0, 0, 0, 0, 0, 0, 0, 0, 1, 0, 0, 0, 0, 0, 0, 0, 0, 0, 0, 0, 0, 0, 0, 0, 0, 0, 0, 0, 0, 0, 0, 1, 0, 0, 0, 0, 0, 0, 0, 0, 0, 0, 0, 0, 0, 0, 0, 0, 0, 1, 0, 0, 0, 0, 0, 0, 0, 0, 0, 0, 0, 0, 0, 0, 0, 0, 0, 0, 0, 1, 0, 0, 0, 0, 0, 0, 0, 0, 0, 0, 0, 0, 0, 0, 0, 0, 0, 1, 0, 0, 0, 0, 0, 0, 0, 0, 0, 0, 0, 0, 0, 0, 0, 0, 0, 0, 0, 0, 0, 0, 0, 0, 0, 0, 0, 0, 0, 0, 0, 0, 1, 0, 0, 0, 0, 0, 0, 0, 0, 0, 0, 0, 0, 0, 0, 0, 0, 0, 0, 0, 0, 0, 0, 0, 0, 0, 0, 0, 0, 0, 0, 0, 0, 0, 0, 0, 0, 0, 0, 0, 0, 0, 0, 0, 0, 0, 1, 0, 0, 0, 0, 0, 0, 1, 0, 0, 0, 0, 0, 0, 0, 0, 0, 0, 0, 0, 0, 0, 0, 0, 0, 0, 0, 0, 0, 0, 0, 0, 0, 0, 0, 0, 0, 0, 0, 0, 0, 0, 0, 0, 0, 0, 0, 0, 0, 0, 0, 0, 0, 0, 0, 0, 0, 0, 0, 1, 0, 0, 0, 0, 0, 0, 1, 0, 0, 0, 0, 0, 0, 0, 0, 0, 0, 0, 0, 0, 0, 0, 0, 0, 0] 
E               = [19, 251, 19, 251, 251, 19, 251, 19, 251, 19, 19, 19, 251, 251, 251, 251, 19, 19, 19, 19, 251, 251, 251, 251, 19, 19, 19, 251, 271, 19, 19, 251, 19, 19, 19, 251, 251, 64, 19, 19, 271, 64, 271, 64, 64, 64, 64, 271, 64, 64, 64, 271, 77, 64, 106, 64, 64, 64, 64, 77, 64, 77, 64, 64, 106, 77, 77, 77, 64, 64, 64, 77, 77, 64, 77, 64, 77, 77, 77, 77, 64, 106, 77, 64, 19, 19, 106, 106, 106, 106, 106, 106, 106, 106, 106, 106, 106, 19, 106, 106, 106, 106, 271, 106, 106, 106, 19, 19, 106, 106, 19, 19, 19, 19, 19, 19, 19, 19, 19, 19, 19, 106, 19, 143, 19, 19, 19, 19, 143, 143, 143, 143, 143, 143, 143, 143, 143, 143, 143, 143, 143, 64, 143, 143, 143, 64, 143, 143, 143, 64, 143, 64, 64, 64, 143, 64, 64, 143, 143, 271, 64, 64, 143, 64, 143, 77, 77, 77, 77, 77, 77, 77, 77, 271, 289, 271, 77, 77, 77, 77, 77, 289, 19, 77, 77, 77, 77, 77, 77, 77, 77, 233, 233, 251, 251, 210, 210, 210, 210, 210, 210, 210, 210, 210, 210, 210, 251, 210, 233, 210, 210, 210, 233, 233, 233, 210, 251, 210, 233, 233, 233, 233, 210, 210, 210, 251, 233, 233, 233, 233, 233, 251, 233, 233, 233, 233, 233, 233, 251, 210, 210, 210, 210, 210, 210, 251, 251, 251, 251, 251, 251, 251, 251, 271, 19, 271, 19, 77, 271, 271, 251, 106, 19, 271, 271, 271, 271, 271, 271, 271, 271, 271, 271, 271, 271, 143, 143, 289, 289, 143, 322, 322, 289, 289, 289, 289, 289, 289, 289, 289, 289, 289, 322, 322, 322, 322, 322, 322, 322, 289, 289, 289, 289, 289, 289, 289, 289, 289, 289, 289, 289, 289, 289, 289, 289, 289, 322, 322, 322, 322, 322, 322, 322, 322, 322, 289, 289, 289, 289, 368, 368, 368, 368, 368, 289, 322, 322, 322, 322, 322, 375, 375, 322, 375, 368, 368, 368, 368, 368, 368, 368, 368, 368, 368, 368, 368, 375, 375, 375, 375, 368, 368, 368, 368, 368, 368, 368, 368, 368, 368, 368, 368, 375, 375, 375, 375, 375, 375, 368, 368, 368, 368, 368, 368, 368, 368, 368, 368, 368, 368, 368, 368, 434, 434, 434, 434, 375, 427, 375, 375, 375, 375, 375, 375, 375, 427, 427, 427, 427, 427, 427, 427, 434, 434, 368, 368, 368, 368, 368, 434, 434, 434, 434, 434, 427, 427, 427, 427, 427, 427, 427, 427, 434, 434, 434, 434, 434, 434, 434, 434, 434, 427, 427, 427, 427, 427, 251, 106, 251, 271, 233, 251] 
FO Weighted Sum = 149684.50000000006 
FO1             = 299368.0 
FO2             = 1.000000000078141 
