alfa Weighted Sum     = 0.5 
n° iter               = 13 
Estructura vecindario = 1 
Vecinos por iteración = 3 
N° clusters           = 15 
N° estaciones         = 452 
1° FO Weighted Sum    = 164547.9999999998
1° FO1                = 329095.0
1° FO2                = 0.9999999995989131
Archivo [1] 
C               = [0, 0, 0, 0, 0, 0, 0, 0, 0, 0, 0, 0, 0, 0, 0, 0, 0, 0, 0, 0, 0, 0, 0, 0, 0, 0, 0, 0, 1, 0, 0, 0, 0, 1, 0, 0, 0, 0, 0, 0, 0, 0, 0, 0, 0, 0, 0, 0, 0, 0, 0, 0, 1, 0, 0, 0, 0, 0, 0, 0, 0, 0, 0, 0, 0, 0, 0, 0, 0, 0, 0, 0, 0, 0, 0, 0, 0, 0, 0, 1, 0, 0, 0, 0, 0, 0, 0, 0, 0, 0, 0, 0, 0, 0, 0, 0, 0, 0, 0, 0, 0, 0, 0, 0, 0, 0, 0, 0, 0, 0, 0, 0, 0, 0, 0, 0, 0, 0, 0, 0, 0, 0, 0, 0, 0, 0, 0, 0, 0, 0, 0, 0, 0, 0, 0, 0, 1, 0, 0, 0, 0, 0, 0, 0, 0, 0, 0, 0, 0, 0, 0, 0, 0, 0, 0, 0, 0, 0, 0, 0, 0, 0, 0, 0, 0, 0, 0, 0, 0, 0, 0, 0, 0, 0, 0, 0, 0, 0, 0, 0, 0, 0, 0, 0, 0, 0, 0, 0, 0, 0, 0, 0, 0, 0, 0, 0, 0, 0, 0, 0, 0, 0, 0, 0, 0, 0, 0, 0, 0, 0, 0, 0, 0, 0, 0, 0, 0, 0, 0, 0, 0, 0, 0, 0, 0, 0, 0, 0, 0, 0, 0, 1, 0, 0, 1, 0, 0, 0, 0, 0, 0, 0, 0, 0, 0, 0, 0, 1, 0, 0, 0, 0, 0, 0, 0, 0, 0, 0, 0, 0, 0, 1, 0, 0, 0, 0, 0, 0, 0, 0, 0, 0, 0, 0, 0, 0, 0, 0, 0, 0, 0, 0, 0, 0, 0, 0, 1, 0, 0, 0, 0, 0, 0, 0, 0, 0, 1, 0, 0, 0, 0, 0, 0, 0, 0, 0, 0, 0, 0, 0, 0, 0, 0, 0, 0, 0, 0, 0, 0, 0, 0, 0, 0, 0, 0, 0, 0, 0, 0, 0, 0, 0, 0, 0, 0, 0, 0, 0, 0, 0, 0, 0, 0, 0, 0, 0, 0, 0, 0, 0, 0, 1, 0, 0, 0, 0, 0, 0, 0, 0, 0, 0, 0, 0, 0, 0, 0, 0, 0, 0, 0, 1, 0, 0, 0, 0, 0, 0, 0, 0, 0, 0, 0, 0, 0, 0, 0, 0, 0, 0, 0, 0, 0, 0, 0, 0, 0, 0, 0, 0, 0, 0, 0, 0, 0, 0, 0, 1, 0, 0, 0, 0, 0, 0, 0, 0, 0, 0, 0, 1, 0, 0, 0, 0, 0, 0, 0, 0, 0, 0, 0, 0, 0, 0, 0, 0, 0, 0, 0, 0, 0, 0, 0, 0, 0, 0, 0, 0, 0, 0, 0, 0] 
E               = [248, 248, 34, 248, 34, 34, 248, 34, 34, 29, 34, 34, 248, 248, 34, 34, 34, 34, 34, 34, 248, 34, 34, 34, 34, 29, 34, 34, 29, 34, 34, 34, 34, 34, 34, 53, 53, 34, 34, 34, 29, 34, 29, 53, 53, 34, 34, 29, 53, 53, 34, 29, 53, 53, 262, 34, 53, 53, 80, 53, 80, 53, 80, 80, 262, 53, 53, 80, 80, 80, 80, 53, 80, 80, 80, 80, 80, 80, 80, 80, 80, 29, 80, 80, 34, 34, 262, 262, 262, 262, 262, 262, 262, 262, 262, 29, 262, 29, 29, 262, 262, 262, 248, 262, 262, 262, 29, 29, 262, 29, 248, 29, 29, 29, 34, 34, 34, 34, 34, 34, 34, 29, 137, 137, 137, 34, 137, 34, 34, 137, 137, 137, 137, 137, 137, 137, 137, 137, 137, 137, 137, 137, 137, 137, 137, 80, 137, 137, 137, 80, 137, 80, 80, 80, 137, 80, 80, 137, 137, 29, 80, 80, 297, 80, 297, 287, 287, 80, 80, 287, 287, 287, 80, 29, 80, 29, 53, 80, 80, 80, 80, 80, 34, 53, 53, 53, 53, 53, 53, 53, 287, 232, 232, 232, 232, 232, 235, 235, 235, 232, 232, 235, 235, 232, 232, 235, 232, 232, 235, 235, 232, 232, 235, 235, 235, 235, 232, 232, 235, 235, 235, 235, 232, 232, 232, 232, 235, 235, 235, 235, 232, 232, 235, 232, 235, 235, 235, 232, 232, 235, 235, 235, 235, 232, 232, 248, 248, 248, 248, 248, 248, 248, 248, 29, 29, 29, 34, 53, 29, 29, 248, 262, 29, 29, 29, 29, 29, 29, 29, 29, 29, 29, 29, 29, 29, 297, 297, 297, 297, 297, 297, 297, 297, 80, 287, 287, 287, 287, 287, 287, 80, 297, 297, 297, 297, 297, 297, 297, 297, 297, 297, 297, 287, 287, 287, 287, 287, 287, 287, 287, 287, 287, 287, 287, 287, 297, 297, 297, 297, 297, 297, 297, 297, 297, 372, 352, 352, 287, 352, 352, 352, 352, 352, 372, 372, 372, 372, 372, 297, 297, 297, 372, 297, 372, 372, 372, 372, 352, 352, 352, 352, 352, 352, 372, 372, 372, 372, 372, 372, 372, 372, 352, 352, 352, 352, 352, 352, 352, 372, 372, 372, 372, 372, 372, 408, 372, 372, 372, 372, 372, 420, 420, 420, 352, 420, 420, 420, 420, 420, 420, 420, 420, 372, 372, 372, 372, 372, 372, 372, 372, 408, 408, 408, 408, 408, 408, 408, 408, 408, 408, 408, 408, 420, 420, 420, 420, 420, 420, 420, 420, 420, 420, 420, 420, 408, 408, 408, 408, 408, 408, 408, 408, 420, 420, 420, 420, 420, 420, 420, 408, 408, 408, 408, 408, 408, 408, 53, 29, 53, 29, 235, 248] 
FO Weighted Sum = 155401.3620689655 
FO1             = 310802.0 
FO2             = 0.7241379310336211 
