Segundos              = 203.79813989 
n° iter               = 2 
Estructura vecindario = 1 
Vecinos por iteración = 3 
N° clusters           = 15 
N° estaciones         = 452 
1° FO1                = 345259.0
1° FO2                = 0.3
Archivo [1] 
C               = [0, 0, 0, 0, 0, 0, 0, 0, 0, 0, 0, 0, 0, 0, 0, 0, 0, 0, 0, 0, 0, 0, 0, 0, 0, 0, 0, 1, 0, 0, 0, 0, 0, 0, 0, 0, 0, 0, 0, 0, 0, 0, 0, 0, 0, 0, 0, 0, 0, 0, 0, 0, 0, 0, 0, 0, 0, 0, 0, 0, 0, 0, 0, 0, 0, 0, 0, 0, 0, 0, 0, 0, 0, 0, 0, 0, 0, 0, 0, 0, 0, 0, 0, 0, 0, 0, 0, 0, 0, 0, 0, 0, 0, 0, 0, 0, 0, 0, 0, 0, 0, 0, 0, 0, 0, 0, 0, 0, 1, 0, 1, 0, 0, 0, 0, 0, 0, 0, 0, 0, 0, 0, 0, 0, 0, 0, 0, 0, 0, 0, 0, 0, 0, 0, 0, 0, 0, 0, 0, 0, 0, 0, 0, 0, 0, 0, 0, 0, 0, 0, 1, 0, 0, 0, 0, 0, 0, 0, 0, 0, 0, 0, 0, 0, 0, 0, 0, 0, 0, 0, 0, 0, 0, 0, 0, 0, 0, 0, 0, 0, 1, 0, 0, 0, 0, 0, 1, 0, 0, 0, 0, 0, 0, 0, 0, 0, 0, 0, 0, 0, 0, 0, 0, 0, 0, 0, 0, 0, 0, 0, 0, 0, 0, 0, 0, 0, 0, 0, 0, 0, 0, 0, 1, 0, 0, 0, 0, 0, 0, 1, 0, 0, 0, 0, 0, 0, 0, 0, 0, 0, 0, 0, 0, 0, 0, 0, 0, 0, 0, 0, 0, 0, 0, 0, 0, 0, 0, 0, 0, 0, 0, 0, 0, 0, 0, 0, 0, 0, 0, 0, 0, 0, 1, 0, 0, 0, 0, 0, 0, 0, 0, 0, 0, 0, 0, 0, 0, 0, 0, 0, 0, 0, 0, 0, 0, 0, 0, 0, 0, 0, 0, 0, 0, 0, 0, 0, 0, 0, 0, 0, 0, 0, 1, 0, 0, 0, 0, 0, 0, 0, 0, 0, 0, 0, 1, 0, 0, 0, 0, 0, 0, 0, 0, 0, 0, 0, 0, 0, 0, 0, 0, 0, 0, 0, 0, 0, 0, 0, 0, 0, 0, 0, 0, 0, 0, 0, 0, 0, 0, 0, 0, 0, 0, 0, 0, 0, 0, 0, 0, 0, 0, 0, 0, 0, 0, 0, 0, 0, 0, 0, 0, 0, 0, 0, 0, 0, 0, 0, 0, 1, 0, 0, 0, 0, 1, 0, 0, 0, 0, 0, 0, 0, 0, 0, 0, 0, 0, 0, 1, 0, 0, 0, 0, 0, 0, 0, 0, 0, 0, 0, 0, 1, 0, 0, 0, 0, 0, 0, 0, 0, 0, 0, 0, 0, 0, 0, 0, 0, 0, 0, 0, 0, 0, 0, 0, 0, 0, 0, 0, 0, 0, 0] 
E               = [111, 28, 111, 111, 111, 111, 28, 111, 111, 273, 111, 111, 28, 181, 28, 28, 111, 111, 111, 111, 28, 28, 28, 28, 28, 273, 273, 28, 273, 273, 273, 28, 151, 28, 28, 28, 28, 181, 28, 28, 109, 28, 273, 28, 28, 151, 151, 273, 28, 28, 151, 109, 28, 181, 109, 151, 28, 28, 151, 28, 181, 181, 181, 151, 273, 187, 181, 181, 181, 181, 181, 187, 181, 313, 181, 181, 181, 28, 181, 181, 151, 109, 181, 181, 111, 28, 109, 109, 109, 109, 109, 109, 109, 109, 109, 109, 109, 109, 273, 109, 109, 109, 111, 109, 109, 109, 109, 109, 109, 109, 111, 273, 273, 273, 111, 273, 111, 111, 111, 28, 28, 109, 109, 109, 28, 151, 151, 151, 151, 151, 151, 151, 151, 151, 151, 151, 151, 151, 151, 151, 151, 151, 151, 151, 151, 151, 151, 151, 151, 151, 151, 151, 151, 28, 151, 151, 325, 151, 151, 111, 151, 151, 151, 151, 151, 187, 181, 181, 181, 187, 181, 181, 181, 111, 181, 273, 187, 181, 181, 181, 181, 181, 111, 187, 187, 187, 187, 187, 187, 187, 187, 230, 230, 28, 223, 223, 230, 230, 223, 223, 223, 223, 230, 223, 223, 230, 28, 223, 230, 230, 223, 223, 230, 230, 230, 223, 187, 223, 230, 230, 230, 223, 223, 223, 223, 187, 230, 230, 230, 230, 223, 28, 230, 223, 230, 230, 230, 230, 28, 230, 230, 223, 223, 230, 223, 111, 111, 111, 111, 187, 223, 28, 28, 111, 111, 111, 111, 223, 273, 273, 28, 109, 111, 273, 273, 273, 273, 273, 273, 111, 273, 273, 273, 273, 273, 151, 151, 151, 181, 151, 151, 151, 325, 181, 181, 181, 181, 313, 181, 313, 181, 325, 151, 325, 151, 151, 151, 151, 325, 325, 325, 325, 313, 313, 313, 313, 313, 313, 313, 313, 313, 313, 313, 313, 325, 325, 325, 325, 325, 325, 325, 325, 325, 325, 325, 395, 313, 313, 313, 313, 313, 313, 313, 313, 395, 325, 325, 325, 325, 325, 325, 325, 325, 325, 325, 325, 325, 313, 313, 313, 313, 313, 390, 390, 325, 325, 395, 395, 325, 325, 390, 313, 390, 313, 390, 390, 390, 390, 390, 390, 395, 395, 395, 395, 395, 395, 395, 395, 395, 390, 390, 390, 390, 390, 390, 422, 390, 390, 390, 390, 390, 390, 395, 395, 395, 395, 395, 395, 395, 395, 395, 409, 395, 409, 409, 395, 409, 409, 409, 409, 409, 409, 395, 422, 390, 390, 422, 390, 390, 390, 390, 422, 422, 395, 395, 395, 395, 409, 409, 409, 409, 409, 422, 422, 422, 422, 422, 422, 422, 422, 422, 409, 409, 409, 409, 409, 28, 109, 28, 273, 230, 223] 
FO1             = 358048.0 
FO2             = 0.2 
DMAX            = Any[3524.0, 2652.0, 2848.0, 3427.0, 3057.0, 3211.0, 3495.0, 2263.0, 2779.0, 3328.0, 3053.0, 1548.0, 2939.0, 1756.0, 2448.0] 
Archivo [2] 
C               = [0, 0, 0, 0, 0, 0, 0, 0, 0, 0, 0, 0, 0, 0, 0, 0, 0, 0, 0, 0, 0, 0, 0, 0, 0, 0, 0, 1, 0, 0, 0, 0, 0, 0, 0, 0, 0, 0, 0, 0, 0, 0, 0, 0, 0, 0, 0, 0, 0, 0, 0, 0, 0, 0, 0, 0, 0, 0, 0, 0, 0, 0, 0, 0, 0, 0, 0, 0, 0, 0, 0, 0, 0, 0, 0, 0, 0, 0, 0, 0, 0, 0, 0, 0, 0, 0, 0, 0, 0, 0, 0, 0, 0, 0, 0, 0, 0, 0, 0, 0, 0, 0, 0, 0, 0, 0, 0, 0, 1, 0, 1, 0, 0, 0, 0, 0, 0, 0, 0, 0, 0, 0, 0, 0, 0, 0, 0, 0, 0, 0, 0, 0, 0, 0, 0, 0, 0, 0, 0, 0, 0, 0, 0, 0, 0, 0, 0, 0, 0, 0, 1, 0, 0, 0, 0, 0, 0, 0, 0, 0, 0, 0, 0, 0, 0, 0, 0, 0, 0, 0, 0, 0, 0, 0, 0, 0, 0, 0, 0, 0, 1, 0, 0, 0, 0, 0, 1, 0, 0, 0, 0, 0, 0, 0, 0, 0, 0, 0, 0, 0, 0, 0, 0, 0, 0, 0, 0, 0, 0, 0, 0, 0, 0, 0, 0, 0, 0, 0, 0, 0, 0, 0, 1, 0, 0, 0, 0, 0, 0, 1, 0, 0, 0, 0, 0, 0, 0, 0, 0, 0, 0, 0, 0, 0, 0, 0, 0, 0, 0, 0, 0, 0, 0, 0, 0, 0, 0, 0, 0, 0, 0, 0, 0, 0, 0, 0, 0, 0, 0, 0, 0, 0, 1, 0, 0, 0, 0, 0, 0, 0, 0, 0, 0, 0, 0, 0, 0, 0, 0, 0, 0, 0, 0, 0, 0, 0, 0, 0, 0, 0, 0, 0, 0, 0, 0, 0, 0, 0, 0, 0, 0, 0, 1, 0, 0, 0, 0, 0, 0, 0, 0, 0, 0, 0, 1, 0, 0, 0, 0, 0, 0, 0, 0, 0, 0, 0, 0, 0, 0, 0, 0, 0, 0, 0, 0, 0, 0, 0, 0, 0, 0, 0, 0, 0, 0, 0, 0, 0, 0, 0, 0, 0, 0, 0, 0, 0, 0, 0, 0, 0, 0, 0, 0, 0, 0, 0, 0, 0, 0, 0, 0, 0, 0, 0, 0, 0, 0, 0, 0, 1, 0, 0, 0, 0, 1, 0, 0, 0, 0, 0, 0, 0, 0, 0, 0, 0, 0, 0, 1, 0, 0, 0, 0, 0, 0, 0, 0, 0, 0, 0, 0, 1, 0, 0, 0, 0, 0, 0, 0, 0, 0, 0, 0, 0, 0, 0, 0, 0, 0, 0, 0, 0, 0, 0, 0, 0, 0, 0, 0, 0, 0, 0] 
E               = [111, 28, 111, 28, 111, 111, 28, 111, 111, 273, 111, 111, 28, 28, 28, 28, 111, 28, 111, 111, 28, 28, 28, 28, 28, 273, 111, 28, 273, 273, 273, 28, 28, 28, 28, 28, 28, 187, 28, 28, 109, 28, 273, 28, 28, 181, 151, 273, 28, 28, 151, 109, 187, 181, 109, 151, 28, 28, 151, 28, 181, 181, 181, 151, 273, 187, 181, 181, 151, 181, 181, 187, 181, 181, 181, 181, 181, 181, 181, 181, 151, 273, 181, 181, 111, 111, 109, 109, 109, 109, 109, 109, 109, 109, 109, 109, 109, 109, 273, 109, 109, 109, 111, 109, 109, 109, 109, 109, 109, 109, 111, 273, 273, 273, 111, 273, 111, 111, 111, 28, 28, 109, 109, 109, 28, 151, 151, 151, 151, 151, 151, 151, 151, 151, 151, 151, 151, 151, 151, 151, 151, 151, 151, 151, 151, 151, 151, 151, 151, 151, 151, 151, 151, 151, 151, 151, 181, 151, 151, 111, 151, 151, 151, 151, 151, 187, 181, 181, 181, 187, 181, 181, 181, 111, 181, 273, 187, 181, 181, 181, 181, 181, 111, 187, 187, 187, 187, 187, 187, 187, 187, 230, 230, 28, 223, 223, 230, 230, 223, 223, 223, 223, 230, 223, 223, 230, 223, 223, 230, 223, 223, 223, 230, 230, 230, 223, 187, 223, 230, 230, 230, 223, 223, 223, 223, 187, 230, 230, 230, 230, 223, 28, 230, 223, 230, 230, 230, 230, 28, 230, 230, 223, 223, 230, 223, 111, 111, 111, 28, 28, 28, 28, 28, 111, 111, 111, 111, 223, 273, 273, 28, 109, 111, 273, 273, 273, 273, 273, 273, 273, 273, 273, 273, 273, 273, 151, 151, 151, 181, 151, 151, 151, 181, 181, 181, 181, 187, 181, 181, 313, 181, 325, 325, 325, 151, 325, 151, 151, 325, 325, 325, 325, 313, 313, 313, 313, 313, 313, 313, 313, 313, 313, 313, 313, 313, 325, 325, 325, 325, 325, 325, 325, 325, 325, 325, 395, 313, 313, 313, 313, 313, 313, 313, 325, 325, 325, 325, 325, 325, 325, 325, 325, 325, 325, 325, 325, 325, 313, 313, 313, 313, 313, 313, 325, 325, 325, 395, 395, 325, 325, 390, 313, 390, 313, 390, 390, 390, 390, 390, 395, 395, 395, 395, 395, 395, 395, 395, 395, 395, 395, 390, 390, 390, 390, 390, 390, 390, 390, 390, 390, 390, 390, 395, 395, 395, 395, 395, 395, 395, 395, 395, 409, 409, 395, 409, 395, 409, 409, 409, 409, 409, 409, 395, 422, 390, 390, 390, 390, 390, 390, 390, 422, 422, 422, 395, 395, 395, 409, 409, 409, 409, 409, 422, 422, 422, 390, 422, 422, 422, 422, 422, 409, 409, 409, 409, 409, 28, 109, 28, 273, 230, 223] 
FO1             = 342072.0 
FO2             = 0.25 
DMAX            = Any[3100.0, 2652.0, 2691.0, 3277.0, 2930.0, 3775.0, 3495.0, 2263.0, 2779.0, 2023.0, 2347.0, 1901.0, 2939.0, 1500.0, 1313.0] 
Archivo [3] 
C               = [0, 0, 0, 0, 0, 0, 0, 0, 0, 0, 0, 0, 0, 0, 0, 0, 0, 0, 0, 0, 0, 0, 0, 0, 0, 0, 0, 1, 0, 0, 0, 0, 0, 0, 0, 0, 0, 0, 0, 0, 0, 0, 0, 0, 0, 0, 0, 0, 0, 0, 0, 0, 0, 0, 0, 0, 0, 0, 0, 0, 0, 0, 0, 0, 0, 0, 0, 0, 0, 0, 0, 0, 0, 0, 0, 0, 0, 0, 0, 0, 0, 0, 0, 0, 0, 0, 0, 0, 0, 0, 0, 0, 0, 0, 0, 0, 0, 0, 0, 0, 0, 0, 0, 0, 0, 0, 0, 0, 1, 0, 1, 0, 0, 0, 0, 0, 0, 0, 0, 0, 0, 0, 0, 0, 0, 0, 0, 0, 0, 0, 0, 0, 0, 0, 0, 0, 0, 0, 0, 0, 0, 0, 0, 0, 0, 0, 0, 0, 0, 0, 1, 0, 0, 0, 0, 0, 0, 0, 0, 0, 0, 0, 0, 0, 0, 0, 0, 0, 0, 0, 0, 0, 0, 0, 0, 0, 0, 0, 0, 0, 1, 0, 0, 0, 0, 0, 1, 0, 0, 0, 0, 0, 0, 0, 0, 0, 0, 0, 0, 0, 0, 0, 0, 0, 0, 0, 0, 0, 0, 0, 0, 0, 0, 0, 0, 0, 0, 0, 0, 0, 0, 0, 1, 0, 0, 0, 0, 0, 0, 1, 0, 0, 0, 0, 0, 0, 0, 0, 0, 0, 0, 0, 0, 0, 0, 0, 0, 0, 0, 0, 0, 0, 0, 0, 0, 0, 0, 0, 0, 0, 0, 0, 0, 0, 0, 0, 0, 0, 0, 0, 0, 0, 1, 0, 0, 0, 0, 0, 0, 0, 0, 0, 0, 0, 0, 0, 0, 0, 0, 0, 0, 0, 0, 0, 0, 0, 0, 0, 0, 0, 0, 0, 0, 0, 0, 0, 0, 0, 0, 0, 0, 0, 1, 0, 0, 0, 0, 0, 0, 0, 0, 0, 0, 0, 1, 0, 0, 0, 0, 0, 0, 0, 0, 0, 0, 0, 0, 0, 0, 0, 0, 0, 0, 0, 0, 0, 0, 0, 0, 0, 0, 0, 0, 0, 0, 0, 0, 0, 0, 0, 0, 0, 0, 0, 0, 0, 0, 0, 0, 0, 0, 0, 0, 0, 0, 0, 0, 0, 0, 0, 0, 0, 0, 0, 0, 0, 0, 0, 0, 1, 0, 0, 0, 0, 1, 0, 0, 0, 0, 0, 0, 0, 0, 0, 0, 0, 0, 0, 1, 0, 0, 0, 0, 0, 0, 0, 0, 0, 0, 0, 0, 1, 0, 0, 0, 0, 0, 0, 0, 0, 0, 0, 0, 0, 0, 0, 0, 0, 0, 0, 0, 0, 0, 0, 0, 0, 0, 0, 0, 0, 0, 0] 
E               = [111, 28, 111, 28, 111, 111, 28, 111, 111, 273, 111, 111, 28, 28, 28, 28, 28, 111, 111, 111, 28, 28, 28, 28, 28, 273, 111, 28, 273, 273, 273, 28, 28, 28, 28, 28, 28, 28, 28, 28, 273, 28, 273, 28, 28, 28, 151, 273, 28, 28, 28, 109, 28, 187, 109, 151, 28, 28, 151, 28, 181, 181, 181, 151, 273, 187, 181, 181, 181, 181, 181, 181, 181, 181, 181, 181, 181, 181, 181, 181, 151, 273, 181, 181, 111, 111, 109, 109, 109, 109, 109, 109, 109, 109, 109, 109, 109, 109, 273, 109, 109, 109, 111, 109, 109, 109, 109, 109, 109, 109, 111, 273, 273, 273, 111, 273, 111, 111, 111, 28, 28, 109, 109, 109, 28, 151, 151, 151, 151, 151, 151, 151, 151, 151, 151, 151, 151, 151, 151, 151, 151, 151, 151, 151, 151, 151, 151, 151, 151, 151, 151, 151, 151, 151, 151, 151, 181, 151, 151, 111, 151, 151, 151, 151, 151, 187, 181, 181, 181, 181, 181, 181, 181, 111, 181, 273, 187, 181, 181, 181, 181, 181, 111, 187, 187, 187, 187, 187, 187, 187, 187, 230, 230, 28, 223, 223, 230, 230, 223, 223, 223, 230, 230, 230, 223, 230, 223, 223, 230, 223, 223, 223, 230, 230, 230, 223, 187, 223, 230, 230, 230, 223, 223, 223, 223, 223, 230, 230, 230, 230, 223, 223, 230, 223, 230, 230, 230, 230, 28, 230, 230, 230, 230, 223, 223, 223, 111, 111, 28, 28, 28, 28, 28, 111, 111, 111, 111, 223, 273, 273, 28, 109, 111, 273, 273, 273, 273, 273, 273, 273, 273, 273, 273, 273, 273, 151, 151, 151, 181, 151, 151, 151, 181, 181, 181, 313, 313, 313, 313, 313, 181, 325, 325, 325, 151, 325, 325, 325, 325, 325, 325, 325, 313, 313, 313, 313, 313, 313, 313, 313, 313, 313, 313, 313, 325, 325, 325, 325, 325, 325, 325, 325, 325, 325, 325, 313, 313, 313, 313, 313, 313, 313, 313, 325, 325, 325, 325, 325, 325, 325, 325, 325, 325, 325, 325, 395, 325, 313, 313, 313, 313, 313, 313, 325, 325, 325, 325, 395, 325, 395, 390, 313, 390, 313, 390, 390, 390, 390, 390, 395, 395, 395, 395, 395, 395, 395, 395, 395, 395, 395, 390, 390, 390, 390, 390, 390, 390, 390, 390, 390, 390, 395, 395, 395, 395, 395, 395, 395, 395, 395, 395, 409, 409, 409, 409, 395, 409, 409, 409, 409, 409, 409, 395, 422, 390, 422, 390, 390, 390, 390, 390, 422, 422, 395, 395, 395, 395, 409, 409, 409, 409, 409, 422, 422, 422, 390, 422, 422, 422, 422, 422, 409, 409, 409, 409, 409, 28, 109, 28, 273, 230, 223] 
FO1             = 333415.0 
FO2             = 0.3 
DMAX            = Any[2711.0, 2652.0, 2691.0, 3006.0, 1922.0, 2983.0, 3076.0, 2263.0, 2779.0, 2023.0, 2347.0, 1901.0, 2510.0, 1756.0, 1542.0] 
