ITERACION 1 
Archivo [1] 
C                  = [0, 0, 0, 0, 0, 0, 0, 0, 0, 0, 0, 0, 1, 0, 0, 0, 0, 0, 0, 0, 0, 0, 0, 0, 0, 0, 0, 0, 0, 0, 0, 0, 0, 0, 0, 0, 0, 0, 0, 0, 0, 0, 0, 0, 0, 0, 0, 0, 0, 0, 1, 0, 0, 0, 0, 0, 0, 0, 0, 0, 0, 0, 0, 0, 0, 0, 0, 0, 0, 0, 0, 0, 0, 0, 0, 0, 0, 0, 0, 0, 0, 0, 0, 0, 0, 0, 0, 0, 0, 1, 0, 0, 0, 0, 0, 0, 0, 0, 0, 0, 0, 0, 0, 0, 0, 0, 0, 0, 0, 0, 0, 0, 0, 0, 0, 0, 0, 0, 1, 0, 0, 0, 0, 0, 0, 0, 0, 0, 0, 0, 0, 0, 0, 0, 0, 0, 0, 0, 0, 0, 0, 0, 0, 0, 0, 0, 0, 0, 0, 0, 0, 0, 0, 0, 0, 0, 0, 0, 0, 0, 0, 0, 0, 0, 0, 0, 0, 0, 0, 0, 0, 0, 0, 0, 0, 0, 1, 0, 0, 0, 0, 0, 0, 0, 0, 0, 0, 0, 0, 0, 0, 0, 0, 0, 0, 0, 0, 0, 0, 0, 0, 0, 0, 0, 1, 0, 0, 0, 0, 0, 0, 0, 0, 0, 0, 0, 0, 0, 0, 0, 0, 0, 0, 0, 0, 0, 0, 0, 0, 1, 0, 0, 0, 0, 0, 0, 0, 0, 0, 0, 0, 0, 0, 0, 0, 0, 0, 0, 0, 0, 0, 0, 0, 1, 0, 0, 0, 0, 0, 0, 0, 0, 0, 0, 0, 0, 0, 0, 0, 0, 0, 0, 0, 0, 0, 1, 0, 0, 0, 0, 0, 0, 0, 0, 1, 0, 0, 0, 0, 0, 0, 0, 0, 0, 0, 0, 0, 0, 1, 0, 0, 0, 0, 0, 0, 0, 0, 0, 0, 0, 0, 0, 0, 0, 0, 0, 0, 0, 0, 0, 0, 0, 0, 0, 0, 0, 0, 0, 0, 0, 0, 0, 0, 0, 0, 0, 1, 0, 0, 0, 0, 0, 0, 0, 0, 0, 0, 0, 0, 0, 0, 0, 0, 0, 0, 0, 0, 0, 0, 0, 0, 0, 0, 0, 0, 0, 1, 0, 0, 0, 0, 0, 0, 0, 0, 0, 0, 0, 0, 0, 0, 0, 0, 0, 0, 0, 0, 0, 0, 0, 0, 0, 0, 0, 0, 0, 0, 0, 0, 0, 0, 0, 0, 0, 0, 0, 0, 0, 0, 1, 0, 0, 0, 0, 0, 0, 0, 0, 0, 0, 0, 0, 0, 0, 0, 0, 0, 0, 0, 0, 0, 0, 0, 0, 0, 0, 0, 1, 0, 0, 0, 0, 0, 0, 0, 0, 0, 0, 0, 0, 0, 0] 
E                  = [254, 13, 119, 254, 254, 254, 13, 119, 254, 254, 254, 119, 13, 177, 13, 51, 254, 119, 119, 119, 13, 13, 13, 13, 13, 119, 254, 13, 119, 254, 254, 51, 254, 13, 13, 13, 51, 177, 51, 51, 90, 51, 119, 13, 51, 51, 51, 119, 13, 51, 51, 90, 13, 51, 90, 276, 51, 51, 299, 13, 51, 177, 285, 51, 90, 177, 177, 177, 285, 51, 51, 177, 177, 285, 177, 51, 177, 13, 177, 285, 51, 119, 285, 51, 254, 119, 119, 90, 90, 90, 90, 90, 90, 90, 90, 119, 90, 119, 119, 90, 90, 90, 254, 90, 90, 90, 119, 119, 90, 119, 254, 119, 119, 119, 119, 119, 119, 119, 119, 119, 119, 119, 119, 119, 119, 119, 119, 119, 51, 119, 276, 119, 119, 276, 119, 51, 119, 119, 276, 119, 276, 276, 51, 51, 51, 51, 51, 51, 276, 51, 51, 51, 51, 51, 51, 51, 299, 51, 276, 254, 51, 51, 276, 276, 276, 177, 177, 177, 285, 177, 177, 177, 285, 254, 285, 254, 177, 177, 285, 13, 177, 285, 254, 177, 177, 13, 177, 177, 177, 177, 177, 230, 230, 13, 13, 205, 230, 230, 205, 205, 205, 230, 230, 230, 205, 230, 205, 205, 230, 230, 205, 205, 230, 230, 230, 230, 13, 230, 230, 230, 230, 230, 230, 205, 205, 177, 230, 230, 230, 230, 13, 177, 230, 230, 230, 230, 230, 230, 13, 230, 230, 230, 230, 230, 205, 205, 254, 254, 13, 177, 205, 13, 13, 254, 254, 254, 254, 205, 254, 90, 13, 90, 254, 254, 254, 254, 254, 90, 254, 119, 254, 254, 90, 254, 254, 276, 276, 276, 299, 276, 276, 276, 299, 285, 285, 285, 285, 285, 285, 285, 299, 299, 299, 299, 276, 299, 276, 299, 299, 299, 299, 337, 337, 285, 285, 367, 285, 285, 285, 285, 285, 285, 285, 285, 337, 337, 299, 299, 299, 299, 299, 299, 299, 337, 337, 367, 367, 285, 285, 285, 285, 367, 367, 367, 367, 337, 337, 337, 337, 337, 337, 337, 337, 337, 337, 367, 367, 367, 367, 367, 367, 367, 367, 367, 337, 337, 337, 337, 337, 337, 367, 367, 367, 367, 367, 367, 367, 367, 367, 367, 367, 337, 337, 337, 337, 410, 337, 337, 337, 367, 367, 367, 367, 367, 367, 367, 367, 367, 367, 367, 367, 367, 438, 438, 438, 438, 438, 438, 438, 410, 410, 410, 410, 410, 410, 410, 410, 410, 410, 410, 410, 410, 438, 438, 438, 438, 367, 367, 438, 438, 438, 438, 438, 438, 438, 410, 410, 410, 410, 410, 410, 410, 438, 438, 438, 410, 438, 438, 438, 438, 438, 410, 410, 410, 410, 410, 13, 90, 51, 254, 230, 205] 
FO1                = 356891.0 
FO2                = 0.2 
DMAX               = Any[3737.0, 2549.0, 2721.0, 2734.0, 3192.0, 3033.0, 2263.0, 3259.0, 2811.0, 3085.0, 3025.0, 2494.0, 2624.0, 2444.0, 1800.0] 
ITERACION 2 
Archivo [1] 
C                  = [0, 0, 0, 0, 0, 0, 0, 0, 0, 0, 0, 0, 1, 0, 0, 0, 0, 0, 0, 0, 0, 0, 0, 0, 0, 0, 0, 0, 0, 0, 0, 0, 0, 0, 0, 0, 0, 0, 0, 0, 0, 0, 0, 0, 0, 0, 0, 0, 0, 0, 0, 0, 0, 0, 0, 0, 0, 0, 0, 0, 0, 0, 0, 0, 0, 0, 0, 0, 0, 0, 0, 0, 0, 0, 0, 0, 0, 0, 0, 0, 0, 0, 0, 1, 0, 0, 0, 0, 0, 1, 0, 0, 0, 0, 0, 0, 0, 0, 0, 0, 0, 0, 0, 0, 0, 0, 0, 0, 0, 0, 0, 0, 0, 0, 0, 0, 0, 0, 1, 0, 0, 0, 0, 0, 0, 0, 0, 0, 0, 0, 0, 0, 0, 0, 0, 0, 0, 0, 0, 0, 0, 0, 0, 0, 0, 0, 0, 0, 0, 0, 0, 0, 0, 0, 0, 0, 0, 0, 0, 0, 0, 0, 0, 0, 0, 0, 0, 0, 0, 0, 0, 0, 0, 0, 0, 0, 1, 0, 0, 0, 0, 0, 0, 0, 0, 0, 0, 0, 0, 0, 0, 0, 0, 0, 0, 0, 0, 0, 0, 0, 0, 0, 0, 0, 1, 0, 0, 0, 0, 0, 0, 0, 0, 0, 0, 0, 0, 0, 0, 0, 0, 0, 0, 0, 0, 0, 0, 0, 0, 1, 0, 0, 0, 0, 0, 0, 0, 0, 0, 0, 0, 0, 0, 0, 0, 0, 0, 0, 0, 0, 0, 0, 0, 1, 0, 0, 0, 0, 0, 0, 0, 0, 0, 0, 0, 0, 0, 0, 0, 0, 0, 0, 0, 0, 0, 1, 0, 0, 0, 0, 0, 0, 0, 0, 1, 0, 0, 0, 0, 0, 0, 0, 0, 0, 0, 0, 0, 0, 1, 0, 0, 0, 0, 0, 0, 0, 0, 0, 0, 0, 0, 0, 0, 0, 0, 0, 0, 0, 0, 0, 0, 0, 0, 0, 0, 0, 0, 0, 0, 0, 0, 0, 0, 0, 0, 0, 1, 0, 0, 0, 0, 0, 0, 0, 0, 0, 0, 0, 0, 0, 0, 0, 0, 0, 0, 0, 0, 0, 0, 0, 0, 0, 0, 0, 0, 0, 1, 0, 0, 0, 0, 0, 0, 0, 0, 0, 0, 0, 0, 0, 0, 0, 0, 0, 0, 0, 0, 0, 0, 0, 0, 0, 0, 0, 0, 0, 0, 0, 0, 0, 0, 0, 0, 0, 0, 0, 0, 0, 0, 1, 0, 0, 0, 0, 0, 0, 0, 0, 0, 0, 0, 0, 0, 0, 0, 0, 0, 0, 0, 0, 0, 0, 0, 0, 0, 0, 0, 1, 0, 0, 0, 0, 0, 0, 0, 0, 0, 0, 0, 0, 0, 0] 
E                  = [254, 13, 119, 254, 254, 254, 13, 119, 254, 254, 254, 254, 13, 177, 13, 254, 254, 119, 119, 119, 13, 13, 13, 13, 13, 254, 119, 13, 119, 254, 254, 84, 84, 13, 13, 13, 13, 177, 119, 119, 90, 13, 119, 13, 13, 285, 84, 119, 13, 13, 84, 90, 13, 84, 90, 276, 177, 13, 299, 13, 84, 177, 84, 84, 90, 177, 177, 285, 84, 84, 84, 177, 177, 285, 177, 84, 177, 13, 84, 84, 84, 119, 84, 84, 254, 119, 119, 90, 90, 90, 90, 90, 90, 90, 90, 119, 90, 119, 119, 90, 90, 90, 254, 90, 90, 90, 119, 119, 90, 119, 13, 119, 119, 119, 119, 119, 119, 119, 119, 119, 119, 119, 119, 119, 119, 119, 119, 119, 84, 119, 276, 119, 119, 276, 119, 84, 119, 119, 276, 119, 276, 276, 119, 119, 84, 84, 84, 119, 276, 84, 84, 84, 84, 84, 84, 84, 299, 276, 276, 254, 84, 84, 276, 84, 276, 177, 177, 177, 285, 177, 285, 285, 285, 254, 84, 254, 177, 177, 84, 84, 84, 285, 13, 177, 177, 177, 177, 177, 177, 177, 177, 230, 230, 13, 13, 205, 230, 230, 205, 205, 205, 230, 230, 230, 205, 230, 205, 205, 230, 230, 205, 205, 230, 230, 230, 230, 13, 230, 230, 230, 230, 230, 230, 205, 205, 177, 230, 230, 230, 230, 13, 177, 230, 230, 230, 230, 230, 230, 13, 230, 230, 230, 230, 230, 205, 205, 13, 254, 13, 177, 205, 13, 13, 254, 13, 254, 254, 205, 254, 90, 13, 90, 254, 254, 254, 254, 254, 90, 254, 254, 254, 254, 90, 254, 254, 276, 276, 84, 299, 276, 276, 276, 299, 285, 285, 285, 285, 285, 285, 285, 299, 299, 299, 299, 276, 299, 276, 299, 299, 299, 299, 337, 337, 285, 285, 367, 285, 285, 285, 285, 285, 285, 285, 285, 337, 337, 299, 299, 299, 299, 299, 299, 299, 337, 337, 367, 367, 285, 285, 285, 285, 367, 367, 367, 367, 337, 337, 337, 337, 337, 337, 337, 337, 337, 337, 367, 367, 367, 367, 367, 367, 367, 367, 367, 337, 337, 337, 337, 337, 337, 367, 367, 367, 367, 367, 367, 367, 367, 367, 367, 367, 337, 337, 337, 337, 410, 337, 337, 337, 367, 367, 367, 367, 367, 367, 367, 367, 367, 367, 367, 367, 367, 438, 438, 438, 438, 438, 438, 438, 410, 410, 410, 410, 410, 410, 410, 410, 410, 410, 410, 410, 410, 438, 438, 438, 438, 367, 367, 438, 438, 438, 438, 438, 438, 438, 410, 410, 410, 410, 410, 410, 410, 438, 438, 438, 410, 438, 438, 438, 438, 438, 410, 410, 410, 410, 410, 13, 90, 13, 254, 230, 205] 
FO1                = 354187.0 
FO2                = 0.2 
DMAX               = Any[3681.0, 2686.0, 2721.0, 3057.0, 3046.0, 3033.0, 2263.0, 2976.0, 2811.0, 3724.0, 3025.0, 2494.0, 2624.0, 2444.0, 1800.0] 
ITERACION 3 
Archivo [1] 
C                  = [0, 0, 0, 0, 0, 0, 0, 0, 0, 0, 0, 0, 1, 0, 0, 0, 0, 0, 0, 0, 0, 0, 0, 0, 0, 0, 0, 0, 0, 0, 0, 0, 0, 0, 0, 0, 0, 0, 0, 0, 0, 0, 0, 0, 0, 0, 0, 0, 0, 0, 0, 0, 0, 0, 0, 0, 0, 0, 0, 0, 0, 0, 0, 0, 0, 0, 0, 0, 0, 0, 0, 0, 0, 0, 0, 0, 0, 0, 0, 0, 0, 0, 0, 1, 0, 0, 0, 0, 0, 1, 0, 0, 0, 0, 0, 0, 0, 0, 0, 0, 0, 0, 0, 0, 0, 0, 0, 0, 0, 0, 0, 0, 0, 0, 0, 0, 0, 0, 1, 0, 0, 0, 0, 0, 0, 0, 0, 0, 0, 0, 0, 0, 0, 1, 0, 0, 0, 0, 0, 0, 0, 0, 0, 0, 0, 0, 0, 0, 0, 0, 0, 0, 0, 0, 0, 0, 0, 0, 0, 0, 0, 0, 0, 0, 0, 0, 0, 0, 0, 0, 0, 0, 0, 0, 0, 0, 1, 0, 0, 0, 0, 0, 0, 0, 0, 0, 0, 0, 0, 0, 0, 0, 0, 0, 0, 0, 0, 0, 0, 0, 0, 0, 0, 0, 1, 0, 0, 0, 0, 0, 0, 0, 0, 0, 0, 0, 0, 0, 0, 0, 0, 0, 0, 0, 0, 0, 0, 0, 0, 1, 0, 0, 0, 0, 0, 0, 0, 0, 0, 0, 0, 0, 0, 0, 0, 0, 0, 0, 0, 0, 0, 0, 0, 1, 0, 0, 0, 0, 0, 0, 0, 0, 0, 0, 0, 0, 0, 0, 0, 0, 0, 0, 0, 0, 0, 0, 0, 0, 0, 0, 0, 0, 0, 0, 1, 0, 0, 0, 0, 0, 0, 0, 0, 0, 0, 0, 0, 0, 1, 0, 0, 0, 0, 0, 0, 0, 0, 0, 0, 0, 0, 0, 0, 0, 0, 0, 0, 0, 0, 0, 0, 0, 0, 0, 0, 0, 0, 0, 0, 0, 0, 0, 0, 0, 0, 0, 1, 0, 0, 0, 0, 0, 0, 0, 0, 0, 0, 0, 0, 0, 0, 0, 0, 0, 0, 0, 0, 0, 0, 0, 0, 0, 0, 0, 0, 0, 1, 0, 0, 0, 0, 0, 0, 0, 0, 0, 0, 0, 0, 0, 0, 0, 0, 0, 0, 0, 0, 0, 0, 0, 0, 0, 0, 0, 0, 0, 0, 0, 0, 0, 0, 0, 0, 0, 0, 0, 0, 0, 0, 1, 0, 0, 0, 0, 0, 0, 0, 0, 0, 0, 0, 0, 0, 0, 0, 0, 0, 0, 0, 0, 0, 0, 0, 0, 0, 0, 0, 1, 0, 0, 0, 0, 0, 0, 0, 0, 0, 0, 0, 0, 0, 0] 
E                  = [254, 13, 119, 254, 254, 254, 13, 119, 254, 254, 254, 254, 13, 177, 13, 254, 254, 119, 119, 119, 13, 13, 13, 13, 13, 119, 254, 13, 119, 254, 254, 84, 84, 13, 13, 13, 13, 177, 134, 134, 90, 13, 119, 13, 13, 285, 84, 119, 13, 13, 84, 90, 13, 84, 90, 285, 177, 13, 299, 13, 84, 177, 84, 84, 90, 177, 177, 285, 84, 84, 84, 177, 177, 285, 177, 84, 177, 13, 84, 84, 84, 119, 84, 84, 254, 119, 119, 90, 90, 90, 90, 90, 90, 90, 90, 119, 90, 119, 119, 90, 90, 90, 254, 90, 90, 90, 119, 119, 90, 119, 13, 119, 119, 119, 119, 119, 119, 119, 119, 119, 119, 119, 119, 119, 119, 134, 119, 134, 134, 134, 134, 134, 134, 134, 134, 134, 134, 134, 134, 134, 134, 84, 134, 134, 134, 84, 134, 134, 134, 84, 134, 84, 84, 84, 134, 84, 299, 134, 134, 254, 84, 84, 134, 84, 84, 177, 177, 177, 285, 177, 177, 285, 285, 254, 84, 254, 177, 177, 84, 84, 84, 285, 13, 177, 177, 177, 177, 177, 177, 177, 177, 230, 230, 13, 13, 205, 230, 230, 205, 205, 205, 230, 230, 230, 205, 230, 205, 205, 230, 230, 205, 205, 230, 230, 230, 230, 13, 230, 230, 230, 230, 230, 230, 205, 205, 177, 230, 230, 230, 230, 13, 177, 230, 230, 230, 230, 230, 230, 13, 230, 230, 230, 230, 230, 205, 205, 254, 254, 13, 177, 205, 13, 13, 254, 254, 254, 254, 205, 254, 90, 13, 90, 254, 254, 254, 254, 254, 90, 254, 254, 254, 254, 90, 254, 254, 84, 84, 84, 299, 134, 299, 299, 299, 285, 285, 285, 285, 285, 285, 299, 299, 299, 299, 299, 299, 299, 299, 299, 299, 299, 299, 337, 299, 285, 367, 285, 285, 285, 285, 285, 285, 285, 285, 285, 337, 337, 299, 299, 299, 299, 299, 337, 299, 337, 337, 367, 367, 285, 285, 285, 285, 367, 285, 367, 367, 337, 337, 337, 337, 299, 337, 337, 337, 337, 337, 337, 367, 367, 367, 367, 367, 367, 367, 367, 337, 337, 337, 337, 337, 337, 367, 367, 367, 367, 367, 367, 367, 367, 367, 367, 367, 337, 337, 337, 337, 410, 337, 337, 337, 367, 367, 367, 367, 367, 367, 367, 367, 367, 367, 367, 367, 367, 438, 438, 438, 438, 438, 438, 438, 410, 410, 410, 410, 410, 410, 410, 410, 410, 410, 410, 410, 410, 438, 438, 438, 438, 367, 367, 438, 438, 438, 438, 438, 438, 438, 410, 410, 410, 410, 410, 410, 410, 438, 438, 438, 410, 438, 438, 438, 438, 438, 410, 410, 410, 410, 410, 13, 90, 177, 254, 230, 205] 
FO1                = 346557.0 
FO2                = 0.2 
DMAX               = Any[3636.0, 2708.0, 2721.0, 2734.0, 2592.0, 3192.0, 3033.0, 2263.0, 3259.0, 3724.0, 3405.0, 2307.0, 2734.0, 2444.0, 1800.0] 
ITERACION 4 
Archivo [1] 
C                  = [0, 0, 0, 0, 0, 0, 0, 0, 0, 0, 0, 0, 1, 0, 0, 0, 0, 0, 0, 0, 0, 0, 0, 0, 0, 0, 0, 0, 0, 0, 0, 0, 0, 0, 0, 0, 0, 0, 0, 0, 0, 0, 0, 0, 0, 0, 0, 0, 0, 0, 0, 0, 0, 0, 0, 0, 0, 0, 0, 0, 0, 0, 0, 0, 0, 0, 0, 0, 0, 0, 0, 0, 0, 0, 0, 0, 0, 0, 0, 0, 0, 0, 0, 1, 0, 0, 0, 0, 0, 1, 0, 0, 0, 0, 0, 0, 0, 0, 0, 0, 0, 0, 0, 0, 0, 0, 0, 0, 0, 0, 0, 0, 0, 0, 0, 0, 0, 0, 1, 0, 0, 0, 0, 0, 0, 0, 0, 0, 0, 0, 0, 0, 0, 1, 0, 0, 0, 0, 0, 0, 0, 0, 0, 0, 0, 0, 0, 0, 0, 0, 0, 0, 0, 0, 0, 0, 0, 0, 0, 0, 0, 0, 0, 0, 0, 0, 0, 0, 0, 0, 0, 0, 0, 0, 0, 0, 1, 0, 0, 0, 0, 0, 0, 0, 0, 0, 0, 0, 0, 0, 0, 0, 0, 0, 0, 0, 0, 0, 0, 0, 0, 0, 0, 0, 1, 0, 0, 0, 0, 0, 0, 0, 0, 0, 0, 0, 0, 0, 0, 0, 0, 0, 0, 0, 0, 0, 0, 0, 0, 1, 0, 0, 0, 0, 0, 0, 0, 0, 0, 0, 0, 0, 0, 0, 0, 0, 0, 0, 0, 0, 0, 0, 0, 1, 0, 0, 0, 0, 0, 0, 0, 0, 0, 0, 0, 0, 0, 0, 0, 0, 0, 0, 0, 0, 0, 0, 0, 0, 0, 0, 0, 0, 0, 0, 1, 0, 0, 0, 0, 0, 0, 0, 0, 0, 0, 0, 0, 0, 1, 0, 0, 0, 0, 0, 0, 0, 0, 0, 0, 0, 0, 0, 0, 0, 0, 0, 0, 0, 0, 0, 0, 0, 0, 0, 0, 0, 0, 0, 0, 0, 0, 0, 0, 0, 0, 0, 1, 0, 0, 0, 0, 0, 0, 0, 0, 0, 0, 0, 0, 0, 0, 0, 0, 0, 0, 0, 0, 0, 0, 0, 0, 0, 0, 0, 0, 0, 1, 0, 0, 0, 0, 0, 0, 0, 0, 0, 0, 0, 0, 0, 0, 0, 0, 0, 0, 0, 0, 0, 0, 0, 0, 0, 0, 0, 0, 0, 0, 0, 0, 0, 0, 0, 0, 0, 0, 0, 0, 0, 0, 1, 0, 0, 0, 0, 0, 0, 0, 0, 0, 0, 0, 0, 0, 0, 0, 0, 0, 0, 0, 0, 0, 0, 0, 0, 0, 0, 0, 1, 0, 0, 0, 0, 0, 0, 0, 0, 0, 0, 0, 0, 0, 0] 
E                  = [254, 13, 119, 254, 254, 254, 13, 119, 254, 254, 254, 254, 13, 177, 13, 254, 254, 119, 119, 119, 13, 13, 13, 13, 13, 119, 254, 13, 119, 254, 254, 84, 84, 13, 13, 13, 13, 177, 134, 134, 90, 13, 119, 13, 13, 285, 84, 119, 13, 13, 84, 90, 13, 84, 90, 285, 177, 13, 299, 13, 84, 177, 84, 84, 90, 177, 177, 285, 84, 84, 84, 177, 177, 285, 177, 84, 177, 13, 84, 84, 84, 119, 84, 84, 254, 119, 119, 90, 90, 90, 90, 90, 90, 90, 90, 119, 90, 119, 119, 90, 90, 90, 254, 90, 90, 90, 119, 119, 90, 119, 13, 119, 119, 119, 119, 119, 119, 119, 119, 119, 119, 119, 119, 119, 119, 134, 119, 134, 134, 134, 134, 134, 134, 134, 134, 134, 134, 134, 134, 134, 134, 84, 134, 134, 134, 84, 134, 134, 134, 84, 134, 84, 84, 84, 134, 84, 299, 134, 134, 254, 84, 84, 134, 84, 84, 177, 177, 177, 285, 177, 177, 285, 285, 254, 84, 254, 177, 177, 84, 84, 84, 285, 13, 177, 177, 177, 177, 177, 177, 177, 177, 230, 230, 13, 13, 205, 230, 230, 205, 205, 205, 230, 230, 230, 205, 230, 205, 205, 230, 230, 205, 205, 230, 230, 230, 230, 13, 230, 230, 230, 230, 230, 230, 205, 205, 177, 230, 230, 230, 230, 13, 177, 230, 230, 230, 230, 230, 230, 13, 230, 230, 230, 230, 230, 205, 205, 254, 254, 13, 177, 205, 13, 13, 254, 254, 254, 254, 205, 254, 90, 13, 90, 254, 254, 254, 254, 254, 90, 254, 254, 254, 254, 90, 254, 254, 84, 84, 84, 299, 134, 299, 299, 299, 285, 285, 285, 285, 285, 285, 299, 299, 299, 299, 299, 299, 299, 299, 299, 299, 299, 299, 337, 299, 285, 367, 285, 285, 285, 285, 285, 285, 285, 285, 285, 337, 337, 299, 299, 299, 299, 299, 337, 299, 337, 337, 367, 367, 285, 285, 285, 285, 367, 285, 367, 367, 337, 337, 337, 337, 299, 337, 337, 337, 337, 337, 337, 367, 367, 367, 367, 367, 367, 367, 367, 337, 337, 337, 337, 337, 337, 367, 367, 367, 367, 367, 367, 367, 367, 367, 367, 367, 337, 337, 337, 337, 410, 337, 337, 337, 367, 367, 367, 367, 367, 367, 367, 367, 367, 367, 367, 367, 367, 438, 438, 438, 438, 438, 438, 438, 410, 410, 410, 410, 410, 410, 410, 410, 410, 410, 410, 410, 410, 438, 438, 438, 438, 367, 367, 438, 438, 438, 438, 438, 438, 438, 410, 410, 410, 410, 410, 410, 410, 438, 438, 438, 410, 438, 438, 438, 438, 438, 410, 410, 410, 410, 410, 13, 90, 177, 254, 230, 205] 
FO1                = 346557.0 
FO2                = 0.2 
DMAX               = Any[3636.0, 2708.0, 2721.0, 2734.0, 2592.0, 3192.0, 3033.0, 2263.0, 3259.0, 3724.0, 3405.0, 2307.0, 2734.0, 2444.0, 1800.0] 
