n° iter       = 2 
neighborhood_structure = [1] 
Prioridad     = 15 
balance       = 1 
Len_N         = 3 
N° clusters   = 15 
N° estaciones = 452 
N° mejoras    = 1
N° iter       = 2
1° FO         = 334668.0
FO            = 322158.0
Centros       = [15, 53, 106, 116, 123, 151, 153, 207, 227, 307, 325, 369, 372, 408, 436]
C = [0, 0, 0, 0, 0, 0, 0, 0, 0, 0, 0, 0, 0, 0, 1, 0, 0, 0, 0, 0, 0, 0, 0, 0, 0, 0, 0, 0, 0, 0, 0, 0, 0, 0, 0, 0, 0, 0, 0, 0, 0, 0, 0, 0, 0, 0, 0, 0, 0, 0, 0, 0, 1, 0, 0, 0, 0, 0, 0, 0, 0, 0, 0, 0, 0, 0, 0, 0, 0, 0, 0, 0, 0, 0, 0, 0, 0, 0, 0, 0, 0, 0, 0, 0, 0, 0, 0, 0, 0, 0, 0, 0, 0, 0, 0, 0, 0, 0, 0, 0, 0, 0, 0, 0, 0, 1, 0, 0, 0, 0, 0, 0, 0, 0, 0, 1, 0, 0, 0, 0, 0, 0, 1, 0, 0, 0, 0, 0, 0, 0, 0, 0, 0, 0, 0, 0, 0, 0, 0, 0, 0, 0, 0, 0, 0, 0, 0, 0, 0, 0, 1, 0, 1, 0, 0, 0, 0, 0, 0, 0, 0, 0, 0, 0, 0, 0, 0, 0, 0, 0, 0, 0, 0, 0, 0, 0, 0, 0, 0, 0, 0, 0, 0, 0, 0, 0, 0, 0, 0, 0, 0, 0, 0, 0, 0, 0, 0, 0, 0, 0, 0, 0, 0, 0, 0, 0, 1, 0, 0, 0, 0, 0, 0, 0, 0, 0, 0, 0, 0, 0, 0, 0, 0, 0, 0, 0, 1, 0, 0, 0, 0, 0, 0, 0, 0, 0, 0, 0, 0, 0, 0, 0, 0, 0, 0, 0, 0, 0, 0, 0, 0, 0, 0, 0, 0, 0, 0, 0, 0, 0, 0, 0, 0, 0, 0, 0, 0, 0, 0, 0, 0, 0, 0, 0, 0, 0, 0, 0, 0, 0, 0, 0, 0, 0, 0, 0, 0, 0, 0, 0, 0, 0, 0, 0, 0, 0, 0, 0, 0, 0, 0, 0, 0, 0, 0, 0, 1, 0, 0, 0, 0, 0, 0, 0, 0, 0, 0, 0, 0, 0, 0, 0, 0, 0, 1, 0, 0, 0, 0, 0, 0, 0, 0, 0, 0, 0, 0, 0, 0, 0, 0, 0, 0, 0, 0, 0, 0, 0, 0, 0, 0, 0, 0, 0, 0, 0, 0, 0, 0, 0, 0, 0, 0, 0, 0, 0, 0, 0, 1, 0, 0, 1, 0, 0, 0, 0, 0, 0, 0, 0, 0, 0, 0, 0, 0, 0, 0, 0, 0, 0, 0, 0, 0, 0, 0, 0, 0, 0, 0, 0, 0, 0, 0, 0, 0, 0, 0, 1, 0, 0, 0, 0, 0, 0, 0, 0, 0, 0, 0, 0, 0, 0, 0, 0, 0, 0, 0, 0, 0, 0, 0, 0, 0, 0, 0, 1, 0, 0, 0, 0, 0, 0, 0, 0, 0, 0, 0, 0, 0, 0, 0, 0]
E = [15, 15, 116, 15, 15, 15, 15, 116, 15, 116, 116, 116, 15, 15, 15, 15, 15, 15, 116, 116, 15, 15, 15, 15, 15, 116, 116, 15, 116, 15, 116, 15, 15, 15, 116, 53, 15, 15, 15, 15, 116, 15, 116, 53, 15, 15, 15, 116, 53, 53, 15, 106, 53, 53, 106, 151, 53, 53, 151, 53, 153, 53, 53, 153, 106, 53, 53, 53, 153, 153, 153, 53, 53, 53, 53, 153, 53, 53, 53, 153, 153, 106, 153, 153, 116, 116, 106, 106, 106, 106, 106, 106, 106, 106, 106, 106, 106, 123, 123, 106, 106, 106, 116, 106, 106, 106, 123, 123, 106, 123, 116, 116, 116, 116, 116, 116, 116, 116, 116, 116, 116, 123, 123, 123, 123, 123, 123, 123, 15, 123, 123, 123, 123, 151, 123, 151, 123, 123, 151, 151, 151, 151, 151, 151, 151, 153, 151, 151, 151, 153, 151, 153, 153, 153, 151, 153, 153, 151, 151, 116, 153, 153, 151, 153, 153, 53, 53, 307, 307, 53, 307, 307, 307, 116, 307, 116, 53, 53, 153, 153, 153, 153, 116, 53, 53, 53, 53, 53, 53, 53, 53, 207, 207, 15, 207, 207, 227, 227, 227, 207, 207, 227, 207, 207, 207, 227, 207, 207, 227, 207, 207, 207, 227, 227, 227, 227, 207, 207, 227, 227, 227, 227, 207, 207, 207, 207, 227, 227, 227, 227, 207, 207, 227, 207, 227, 227, 207, 207, 207, 227, 227, 227, 227, 207, 207, 207, 207, 207, 15, 207, 15, 15, 15, 116, 116, 116, 15, 53, 116, 116, 15, 106, 116, 116, 116, 116, 116, 116, 116, 116, 116, 116, 116, 116, 116, 151, 153, 153, 153, 151, 153, 153, 307, 307, 307, 307, 307, 307, 307, 307, 307, 325, 153, 153, 153, 325, 325, 325, 325, 325, 307, 307, 307, 307, 307, 307, 307, 307, 307, 307, 307, 307, 307, 307, 307, 325, 325, 325, 325, 325, 325, 325, 325, 325, 325, 307, 307, 307, 307, 307, 307, 369, 307, 325, 325, 325, 325, 325, 325, 325, 325, 372, 325, 372, 325, 325, 369, 369, 369, 369, 369, 369, 369, 369, 369, 372, 372, 372, 372, 372, 369, 369, 369, 369, 369, 369, 369, 369, 369, 369, 369, 372, 372, 372, 408, 372, 372, 372, 372, 372, 369, 369, 369, 369, 369, 369, 369, 436, 369, 369, 369, 372, 372, 372, 372, 372, 372, 372, 372, 372, 408, 408, 408, 408, 408, 408, 408, 408, 408, 408, 408, 408, 436, 436, 436, 436, 369, 436, 436, 436, 436, 436, 436, 436, 436, 408, 408, 408, 408, 408, 408, 408, 436, 436, 436, 436, 436, 436, 436, 436, 436, 408, 408, 408, 408, 408, 53, 123, 15, 116, 227, 207]
Objs= Any[334668.0, 322158.0]
current_obj = [322158.0, 324117.0]
cong_K= Any[1] 
obj_k= Any[322158.0] 
