n° iter       = 2 
neighborhood_structure = [1] 
Prioridad     = 15 
balance       = 1 
Len_N         = 3 
N° clusters   = 15 
N° estaciones = 452 
N° mejoras    = 0
N° iter       = 2
1° FO         = 312122.0
FO            = 312122.0
Centros       = [27, 38, 71, 91, 119, 131, 171, 198, 223, 322, 333, 358, 361, 422, 431]
C = [0, 0, 0, 0, 0, 0, 0, 0, 0, 0, 0, 0, 0, 0, 0, 0, 0, 0, 0, 0, 0, 0, 0, 0, 0, 0, 1, 0, 0, 0, 0, 0, 0, 0, 0, 0, 0, 1, 0, 0, 0, 0, 0, 0, 0, 0, 0, 0, 0, 0, 0, 0, 0, 0, 0, 0, 0, 0, 0, 0, 0, 0, 0, 0, 0, 0, 0, 0, 0, 0, 1, 0, 0, 0, 0, 0, 0, 0, 0, 0, 0, 0, 0, 0, 0, 0, 0, 0, 0, 0, 1, 0, 0, 0, 0, 0, 0, 0, 0, 0, 0, 0, 0, 0, 0, 0, 0, 0, 0, 0, 0, 0, 0, 0, 0, 0, 0, 0, 1, 0, 0, 0, 0, 0, 0, 0, 0, 0, 0, 0, 1, 0, 0, 0, 0, 0, 0, 0, 0, 0, 0, 0, 0, 0, 0, 0, 0, 0, 0, 0, 0, 0, 0, 0, 0, 0, 0, 0, 0, 0, 0, 0, 0, 0, 0, 0, 0, 0, 0, 0, 1, 0, 0, 0, 0, 0, 0, 0, 0, 0, 0, 0, 0, 0, 0, 0, 0, 0, 0, 0, 0, 0, 0, 0, 0, 0, 0, 1, 0, 0, 0, 0, 0, 0, 0, 0, 0, 0, 0, 0, 0, 0, 0, 0, 0, 0, 0, 0, 0, 0, 0, 0, 1, 0, 0, 0, 0, 0, 0, 0, 0, 0, 0, 0, 0, 0, 0, 0, 0, 0, 0, 0, 0, 0, 0, 0, 0, 0, 0, 0, 0, 0, 0, 0, 0, 0, 0, 0, 0, 0, 0, 0, 0, 0, 0, 0, 0, 0, 0, 0, 0, 0, 0, 0, 0, 0, 0, 0, 0, 0, 0, 0, 0, 0, 0, 0, 0, 0, 0, 0, 0, 0, 0, 0, 0, 0, 0, 0, 0, 0, 0, 0, 0, 0, 0, 0, 0, 0, 0, 0, 0, 0, 0, 0, 0, 0, 0, 0, 0, 0, 0, 1, 0, 0, 0, 0, 0, 0, 0, 0, 0, 0, 1, 0, 0, 0, 0, 0, 0, 0, 0, 0, 0, 0, 0, 0, 0, 0, 0, 0, 0, 0, 0, 0, 0, 0, 0, 1, 0, 0, 1, 0, 0, 0, 0, 0, 0, 0, 0, 0, 0, 0, 0, 0, 0, 0, 0, 0, 0, 0, 0, 0, 0, 0, 0, 0, 0, 0, 0, 0, 0, 0, 0, 0, 0, 0, 0, 0, 0, 0, 0, 0, 0, 0, 0, 0, 0, 0, 0, 0, 0, 0, 0, 0, 0, 0, 0, 0, 0, 0, 0, 1, 0, 0, 0, 0, 0, 0, 0, 0, 1, 0, 0, 0, 0, 0, 0, 0, 0, 0, 0, 0, 0, 0, 0, 0, 0, 0, 0, 0, 0, 0]
E = [27, 27, 27, 38, 27, 27, 38, 27, 27, 119, 27, 27, 38, 38, 38, 38, 27, 27, 27, 27, 38, 38, 38, 38, 27, 119, 27, 38, 119, 27, 27, 38, 38, 27, 27, 38, 38, 38, 38, 131, 119, 38, 91, 38, 38, 38, 131, 91, 38, 38, 38, 91, 71, 38, 91, 131, 71, 71, 71, 71, 71, 71, 71, 71, 91, 71, 71, 71, 71, 71, 71, 171, 71, 71, 71, 71, 171, 171, 71, 71, 71, 91, 71, 71, 27, 27, 91, 91, 91, 91, 91, 91, 91, 91, 91, 91, 91, 119, 119, 91, 91, 91, 27, 91, 91, 91, 119, 119, 91, 119, 27, 119, 119, 119, 27, 119, 27, 119, 119, 119, 131, 119, 119, 119, 119, 131, 119, 131, 131, 131, 131, 131, 119, 131, 131, 131, 131, 131, 131, 131, 131, 131, 131, 131, 131, 71, 131, 131, 131, 71, 131, 71, 71, 71, 71, 71, 71, 131, 131, 27, 71, 71, 131, 71, 71, 171, 171, 171, 171, 171, 171, 171, 171, 27, 171, 91, 171, 171, 171, 71, 171, 171, 27, 71, 71, 171, 171, 171, 171, 171, 171, 223, 223, 38, 223, 223, 198, 198, 198, 223, 223, 198, 223, 223, 223, 198, 223, 223, 198, 223, 223, 223, 198, 198, 198, 223, 223, 223, 198, 198, 198, 223, 223, 223, 223, 223, 198, 223, 198, 223, 223, 223, 223, 223, 198, 198, 223, 223, 223, 198, 198, 198, 198, 223, 223, 223, 223, 38, 38, 38, 38, 38, 38, 27, 27, 27, 27, 38, 119, 91, 38, 91, 27, 119, 91, 91, 91, 91, 91, 119, 91, 91, 91, 91, 119, 322, 322, 322, 71, 322, 322, 322, 322, 171, 171, 171, 171, 171, 171, 171, 322, 322, 322, 322, 322, 322, 322, 322, 322, 322, 171, 171, 171, 171, 171, 333, 333, 333, 333, 333, 333, 333, 333, 333, 333, 333, 322, 322, 322, 322, 322, 322, 322, 322, 322, 333, 333, 333, 333, 333, 333, 333, 333, 333, 361, 358, 358, 358, 322, 322, 322, 358, 322, 358, 361, 361, 361, 333, 333, 333, 333, 333, 361, 361, 361, 358, 358, 358, 358, 358, 361, 361, 361, 333, 333, 361, 361, 361, 361, 361, 361, 361, 358, 358, 358, 358, 358, 358, 361, 361, 361, 361, 361, 361, 361, 422, 422, 422, 422, 422, 422, 422, 422, 422, 358, 422, 358, 358, 358, 358, 358, 431, 431, 358, 431, 431, 431, 431, 431, 431, 431, 431, 422, 422, 422, 422, 422, 422, 422, 422, 422, 422, 422, 422, 422, 431, 431, 431, 431, 431, 431, 431, 422, 422, 422, 422, 422, 422, 422, 431, 431, 431, 431, 431, 431, 431, 38, 119, 38, 119, 223, 223]
Objs= Any[312122.0, 312122.0]
current_obj = [312563.0, 316144.0]
cong_K= Any[] 
obj_k= Any[] 
