n° iter               = 2 
Estructura vecindario = [1] 
Vecinos por iteración = 3 
N° clusters           = 15 
N° estaciones         = 452 
1° FO Weighted Sum    = 152164.49999999994
1° FO1                = 304073.0
1° FO2                = 255.99999999990277
Archivo [1] 
C               = [0, 0, 0, 0, 0, 0, 0, 0, 0, 0, 0, 0, 0, 0, 0, 0, 0, 0, 0, 0, 0, 0, 0, 0, 0, 0, 0, 0, 0, 0, 0, 0, 0, 0, 0, 0, 0, 0, 0, 0, 0, 0, 0, 0, 0, 0, 0, 0, 0, 0, 0, 0, 0, 0, 0, 0, 0, 0, 0, 0, 0, 0, 0, 0, 0, 0, 0, 0, 0, 0, 0, 0, 0, 0, 0, 1, 0, 0, 0, 0, 0, 0, 0, 0, 0, 0, 1, 0, 0, 0, 0, 0, 0, 0, 0, 0, 0, 0, 0, 0, 0, 0, 0, 0, 0, 0, 0, 0, 0, 0, 0, 0, 0, 0, 0, 1, 0, 0, 0, 0, 0, 0, 0, 0, 0, 0, 0, 0, 0, 0, 0, 0, 0, 0, 0, 0, 0, 0, 0, 0, 0, 0, 0, 0, 0, 0, 0, 0, 0, 0, 0, 0, 0, 0, 0, 0, 0, 1, 0, 0, 0, 0, 0, 0, 0, 0, 0, 0, 0, 0, 0, 0, 0, 0, 0, 0, 0, 0, 0, 0, 0, 0, 0, 0, 0, 0, 0, 1, 0, 0, 0, 0, 0, 0, 0, 0, 0, 0, 0, 0, 0, 0, 0, 1, 0, 0, 0, 0, 0, 0, 0, 0, 0, 0, 0, 0, 0, 0, 0, 0, 0, 0, 0, 0, 0, 0, 0, 0, 0, 0, 0, 0, 0, 0, 0, 1, 0, 0, 0, 0, 0, 0, 0, 0, 0, 0, 0, 0, 0, 0, 1, 0, 0, 0, 0, 0, 0, 0, 0, 0, 0, 0, 0, 0, 1, 0, 0, 0, 0, 0, 0, 0, 0, 0, 0, 0, 0, 0, 0, 0, 0, 0, 0, 0, 0, 0, 0, 0, 0, 0, 0, 0, 0, 0, 0, 0, 1, 0, 0, 0, 0, 0, 0, 0, 0, 1, 0, 0, 0, 0, 0, 0, 0, 0, 0, 0, 0, 0, 0, 0, 0, 0, 0, 0, 0, 0, 0, 0, 0, 0, 0, 0, 0, 0, 0, 0, 0, 0, 0, 0, 0, 0, 0, 0, 0, 0, 0, 0, 0, 0, 0, 0, 0, 0, 0, 0, 0, 0, 0, 0, 0, 0, 0, 0, 1, 0, 0, 0, 0, 0, 0, 0, 0, 0, 0, 0, 0, 0, 0, 0, 0, 0, 0, 0, 0, 0, 0, 0, 0, 0, 0, 0, 0, 0, 0, 0, 0, 0, 0, 1, 0, 0, 0, 0, 0, 0, 0, 0, 0, 0, 0, 0, 0, 0, 0, 0, 0, 0, 1, 0, 0, 0, 0, 0, 0, 0, 0, 0, 0, 1, 0, 0, 0, 0, 0, 0, 0, 0, 0, 0, 0, 0, 0, 0, 0, 0, 0, 0, 0, 0, 0, 0] 
E               = [251, 251, 116, 251, 251, 251, 251, 116, 251, 116, 116, 116, 251, 251, 251, 251, 251, 116, 116, 116, 251, 251, 251, 251, 251, 116, 116, 251, 265, 116, 116, 251, 251, 116, 116, 251, 251, 251, 251, 116, 265, 251, 87, 251, 76, 76, 76, 87, 76, 76, 76, 87, 76, 76, 87, 76, 76, 76, 76, 76, 76, 76, 76, 76, 87, 76, 76, 76, 76, 76, 76, 188, 76, 76, 76, 76, 76, 76, 76, 76, 76, 87, 76, 76, 116, 116, 87, 87, 87, 87, 87, 87, 87, 87, 87, 87, 87, 116, 87, 87, 87, 87, 265, 87, 87, 87, 116, 116, 87, 87, 251, 116, 116, 116, 116, 116, 116, 116, 116, 116, 116, 87, 116, 116, 116, 116, 116, 116, 116, 116, 116, 116, 116, 116, 116, 158, 158, 158, 158, 158, 158, 76, 158, 158, 158, 76, 158, 158, 158, 76, 158, 76, 76, 76, 158, 158, 76, 158, 158, 265, 76, 158, 158, 76, 158, 188, 76, 76, 306, 188, 76, 306, 306, 265, 76, 265, 188, 188, 76, 76, 76, 76, 265, 188, 188, 188, 188, 188, 188, 188, 188, 204, 204, 251, 251, 204, 236, 236, 204, 204, 204, 204, 204, 204, 204, 236, 204, 204, 236, 204, 204, 204, 236, 236, 236, 204, 204, 204, 236, 236, 236, 204, 204, 204, 204, 251, 236, 236, 236, 236, 204, 204, 236, 204, 236, 236, 236, 236, 251, 236, 236, 204, 204, 204, 204, 251, 251, 251, 251, 251, 251, 251, 251, 265, 265, 265, 251, 188, 265, 265, 251, 87, 265, 265, 265, 265, 265, 265, 265, 265, 265, 265, 265, 265, 265, 158, 158, 297, 297, 158, 297, 297, 297, 306, 306, 306, 306, 306, 306, 306, 306, 297, 297, 297, 297, 297, 297, 297, 297, 306, 306, 306, 306, 306, 306, 306, 306, 306, 306, 306, 306, 306, 306, 306, 306, 306, 297, 297, 297, 297, 297, 297, 297, 297, 306, 306, 306, 306, 365, 306, 365, 365, 365, 306, 306, 306, 297, 297, 297, 297, 297, 400, 297, 400, 306, 306, 365, 306, 365, 365, 365, 365, 365, 365, 306, 400, 400, 400, 400, 400, 365, 365, 365, 365, 365, 365, 365, 365, 365, 419, 419, 400, 400, 400, 400, 400, 400, 400, 400, 419, 419, 419, 419, 365, 365, 419, 419, 419, 419, 419, 419, 419, 400, 400, 400, 400, 400, 400, 400, 400, 400, 400, 400, 400, 400, 400, 430, 430, 430, 430, 400, 400, 400, 419, 419, 419, 419, 419, 419, 419, 419, 419, 419, 400, 400, 400, 400, 430, 430, 430, 430, 430, 400, 400, 419, 419, 419, 419, 419, 400, 400, 430, 430, 430, 430, 430, 251, 87, 251, 265, 236, 251] 
FO Weighted Sum = 151242.49999978297 
FO1             = 302229.0 
FO2             = 255.99999956593422 
