Segundos              = 304.328915872 
n° iter               = 4 
Estructura vecindario = 1 
Vecinos por iteración = 3 
N° clusters           = 15 
N° estaciones         = 452 
1° FO1                = 363718.0
1° FO2                = 0.2
Archivo [1] 
C               = [0, 0, 0, 0, 0, 0, 0, 0, 0, 0, 0, 0, 1, 0, 0, 0, 0, 0, 0, 0, 0, 0, 0, 0, 0, 0, 0, 0, 0, 0, 0, 0, 0, 0, 0, 0, 0, 0, 0, 0, 0, 0, 0, 0, 0, 0, 0, 0, 0, 0, 0, 0, 0, 0, 0, 0, 0, 0, 0, 0, 0, 0, 0, 0, 0, 0, 0, 0, 0, 0, 0, 0, 0, 0, 0, 0, 0, 0, 0, 0, 0, 0, 0, 1, 0, 0, 0, 0, 0, 1, 0, 0, 0, 0, 0, 0, 0, 0, 0, 0, 0, 0, 0, 0, 0, 0, 0, 0, 0, 0, 0, 0, 0, 0, 0, 0, 0, 0, 1, 0, 0, 0, 0, 0, 0, 0, 0, 0, 0, 0, 0, 0, 0, 1, 0, 0, 0, 0, 0, 0, 0, 0, 0, 0, 0, 0, 0, 0, 0, 0, 0, 0, 0, 0, 0, 0, 0, 0, 0, 0, 0, 0, 0, 0, 0, 0, 0, 0, 0, 0, 0, 0, 0, 0, 0, 0, 1, 0, 0, 0, 0, 0, 0, 0, 0, 0, 0, 0, 0, 0, 0, 0, 0, 0, 0, 0, 0, 0, 0, 0, 0, 0, 0, 0, 1, 0, 0, 0, 0, 0, 0, 0, 0, 0, 0, 0, 0, 0, 0, 0, 0, 0, 0, 0, 0, 0, 0, 0, 0, 1, 0, 0, 0, 0, 0, 0, 0, 0, 0, 0, 0, 0, 0, 0, 0, 0, 0, 0, 0, 0, 0, 0, 0, 1, 0, 0, 0, 0, 0, 0, 0, 0, 0, 0, 0, 0, 0, 0, 0, 0, 0, 0, 0, 0, 0, 0, 0, 0, 0, 0, 0, 0, 0, 0, 1, 0, 0, 0, 0, 0, 0, 0, 0, 0, 0, 0, 0, 0, 1, 0, 0, 0, 0, 0, 0, 0, 0, 0, 0, 0, 0, 0, 0, 0, 0, 0, 0, 0, 0, 0, 0, 0, 0, 0, 0, 0, 0, 0, 0, 0, 0, 0, 0, 0, 0, 0, 1, 0, 0, 0, 0, 0, 0, 0, 0, 0, 0, 0, 0, 0, 0, 0, 0, 0, 0, 0, 0, 0, 0, 0, 0, 0, 0, 0, 0, 0, 1, 0, 0, 0, 0, 0, 0, 0, 0, 0, 0, 0, 0, 0, 0, 0, 0, 0, 0, 0, 0, 0, 0, 0, 0, 0, 0, 0, 0, 0, 0, 0, 0, 0, 0, 0, 0, 0, 0, 0, 0, 0, 0, 1, 0, 0, 0, 0, 0, 0, 0, 0, 0, 0, 0, 0, 0, 0, 0, 0, 0, 0, 0, 0, 0, 0, 0, 0, 0, 0, 0, 1, 0, 0, 0, 0, 0, 0, 0, 0, 0, 0, 0, 0, 0, 0] 
E               = [254, 13, 119, 254, 254, 254, 13, 119, 254, 254, 254, 254, 13, 177, 13, 254, 254, 119, 119, 119, 13, 13, 13, 13, 13, 119, 254, 13, 119, 254, 254, 84, 84, 13, 13, 13, 13, 177, 134, 134, 90, 13, 119, 13, 13, 285, 84, 119, 13, 13, 84, 90, 13, 84, 90, 285, 177, 13, 299, 13, 84, 177, 84, 84, 90, 177, 177, 285, 84, 84, 84, 177, 177, 285, 177, 84, 177, 13, 84, 84, 84, 119, 84, 84, 254, 119, 119, 90, 90, 90, 90, 90, 90, 90, 90, 119, 90, 119, 119, 90, 90, 90, 254, 90, 90, 90, 119, 119, 90, 119, 13, 119, 119, 119, 119, 119, 119, 119, 119, 119, 119, 119, 119, 119, 119, 134, 119, 134, 134, 134, 134, 134, 134, 134, 134, 134, 134, 134, 134, 134, 134, 84, 134, 134, 134, 84, 134, 134, 134, 84, 134, 84, 84, 84, 134, 84, 299, 134, 134, 254, 84, 84, 134, 84, 84, 177, 177, 177, 285, 177, 177, 285, 285, 254, 84, 254, 177, 177, 84, 84, 84, 285, 13, 177, 177, 177, 177, 177, 177, 177, 177, 230, 230, 13, 13, 205, 230, 230, 205, 205, 205, 230, 230, 230, 205, 230, 205, 205, 230, 230, 205, 205, 230, 230, 230, 230, 13, 230, 230, 230, 230, 230, 230, 205, 205, 177, 230, 230, 230, 230, 13, 177, 230, 230, 230, 230, 230, 230, 13, 230, 230, 230, 230, 230, 205, 205, 254, 254, 13, 177, 205, 13, 13, 254, 254, 254, 254, 205, 254, 90, 13, 90, 254, 254, 254, 254, 254, 90, 254, 254, 254, 254, 90, 254, 254, 84, 84, 84, 299, 134, 299, 299, 299, 285, 285, 285, 285, 285, 285, 299, 299, 299, 299, 299, 299, 299, 299, 299, 299, 299, 299, 337, 299, 285, 367, 285, 285, 285, 285, 285, 285, 285, 285, 285, 337, 337, 299, 299, 299, 299, 299, 337, 299, 337, 337, 367, 367, 285, 285, 285, 285, 367, 285, 367, 367, 337, 337, 337, 337, 299, 337, 337, 337, 337, 337, 337, 367, 367, 367, 367, 367, 367, 367, 367, 337, 337, 337, 337, 337, 337, 367, 367, 367, 367, 367, 367, 367, 367, 367, 367, 367, 337, 337, 337, 337, 410, 337, 337, 337, 367, 367, 367, 367, 367, 367, 367, 367, 367, 367, 367, 367, 367, 438, 438, 438, 438, 438, 438, 438, 410, 410, 410, 410, 410, 410, 410, 410, 410, 410, 410, 410, 410, 438, 438, 438, 438, 367, 367, 438, 438, 438, 438, 438, 438, 438, 410, 410, 410, 410, 410, 410, 410, 438, 438, 438, 410, 438, 438, 438, 438, 438, 410, 410, 410, 410, 410, 13, 90, 177, 254, 230, 205] 
FO1             = 346557.0 
FO2             = 0.2 
DMAX            = Any[3636.0, 2708.0, 2721.0, 2734.0, 2592.0, 3192.0, 3033.0, 2263.0, 3259.0, 3724.0, 3405.0, 2307.0, 2734.0, 2444.0, 1800.0] 
