Segundos              = 217.409782075
alfa Weighted Sum     = 0.5
n° iter               = 1 
Estructura vecindario = 1
Vecinos por iteración = 1
N° clusters           = 15
N° estaciones         = 452
1° FO Weighted Sum    = 159422.5
1° FO1                = 318844.0
1° FO2                = 0.9999999999986802
Archivo [1]
C               = [0, 0, 0, 0, 0, 0, 0, 0, 0, 0, 0, 0, 0, 0, 0, 0, 0, 0, 0, 0, 0, 0, 0, 0, 1, 0, 0, 0, 0, 0, 0, 0, 0, 0, 0, 0, 0, 0, 0, 0, 0, 0, 0, 0, 0, 0, 0, 0, 0, 0, 0, 0, 0, 0, 0, 0, 0, 0, 0, 0, 0, 0, 0, 0, 0, 0, 0, 0, 0, 0, 0, 0, 0, 0, 0, 0, 0, 0, 0, 0, 0, 0, 0, 0, 0, 0, 0, 0, 0, 0, 0, 0, 0, 0, 0, 0, 0, 0, 0, 1, 0, 0, 0, 0, 0, 0, 0, 0, 0, 0, 0, 0, 0, 0, 0, 0, 0, 0, 0, 0, 0, 0, 0, 0, 0, 0, 0, 0, 0, 0, 0, 0, 0, 0, 0, 0, 0, 0, 0, 0, 0, 1, 0, 0, 0, 0, 0, 0, 0, 0, 0, 0, 0, 0, 1, 0, 0, 0, 0, 0, 0, 0, 0, 0, 0, 1, 0, 0, 0, 0, 0, 0, 0, 0, 0, 0, 0, 0, 0, 0, 0, 0, 0, 0, 0, 0, 0, 0, 0, 0, 0, 0, 0, 0, 0, 1, 0, 0, 0, 0, 0, 0, 0, 0, 0, 0, 0, 0, 0, 0, 0, 0, 0, 0, 0, 0, 0, 0, 0, 0, 0, 0, 0, 0, 0, 0, 0, 0, 0, 0, 0, 0, 1, 0, 0, 0, 0, 0, 1, 0, 0, 0, 0, 0, 0, 0, 0, 0, 0, 0, 0, 0, 0, 0, 0, 0, 0, 0, 0, 0, 0, 0, 0, 0, 0, 0, 0, 0, 1, 0, 0, 0, 0, 0, 0, 0, 0, 0, 0, 0, 0, 0, 0, 0, 0, 1, 0, 0, 0, 0, 0, 0, 0, 0, 0, 0, 0, 0, 0, 0, 0, 0, 0, 0, 0, 0, 0, 0, 0, 0, 0, 0, 0, 0, 0, 0, 0, 0, 0, 0, 0, 0, 0, 0, 1, 0, 0, 0, 0, 0, 0, 0, 0, 0, 0, 0, 0, 0, 0, 0, 0, 0, 0, 0, 0, 0, 0, 0, 0, 0, 0, 0, 0, 0, 0, 0, 0, 0, 1, 0, 0, 0, 0, 1, 0, 0, 0, 0, 0, 0, 0, 0, 0, 0, 0, 0, 0, 0, 0, 0, 0, 0, 0, 0, 0, 0, 0, 0, 0, 0, 0, 0, 0, 0, 0, 0, 0, 0, 0, 0, 0, 0, 0, 0, 0, 0, 0, 1, 0, 0, 0, 0, 0, 0, 0, 0, 0, 0, 0, 0, 0, 0, 0, 0, 0, 0, 0, 0, 0, 0, 0, 0, 0, 0, 0, 0, 0, 1, 0, 0, 0, 0, 0, 0, 0, 0, 0, 0, 0, 0, 0, 0]
E               = [25, 25, 25, 25, 25, 25, 239, 25, 25, 269, 25, 25, 239, 25, 25, 25, 25, 25, 25, 25, 25, 25, 25, 25, 25, 269, 25, 25, 269, 25, 25, 25, 25, 25, 25, 239, 25, 25, 25, 25, 269, 25, 269, 142, 142, 142, 142, 269, 142, 142, 142, 100, 166, 142, 100, 142, 142, 142, 142, 166, 142, 142, 142, 142, 100, 166, 166, 142, 142, 142, 142, 166, 166, 142, 166, 142, 166, 166, 166, 142, 142, 100, 286, 142, 25, 25, 100, 100, 100, 100, 100, 100, 100, 100, 100, 100, 100, 269, 100, 100, 100, 100, 269, 100, 100, 100, 269, 100, 100, 100, 25, 269, 25, 25, 25, 25, 25, 25, 25, 25, 25, 100, 25, 100, 25, 25, 25, 25, 25, 142, 142, 142, 25, 142, 142, 142, 142, 142, 142, 142, 142, 142, 142, 155, 142, 142, 155, 155, 155, 142, 155, 142, 155, 142, 155, 155, 155, 155, 155, 269, 155, 155, 155, 155, 155, 166, 166, 286, 286, 166, 286, 166, 286, 269, 286, 269, 166, 166, 286, 155, 286, 286, 25, 166, 166, 166, 166, 166, 166, 166, 166, 233, 233, 239, 239, 196, 196, 196, 196, 196, 196, 196, 196, 196, 239, 233, 239, 196, 233, 196, 196, 196, 233, 233, 233, 233, 239, 239, 233, 233, 233, 233, 233, 239, 239, 239, 233, 233, 233, 233, 233, 239, 233, 233, 233, 233, 233, 233, 239, 196, 233, 196, 196, 196, 196, 239, 239, 239, 239, 239, 239, 239, 239, 269, 269, 269, 25, 166, 269, 269, 239, 100, 269, 269, 269, 269, 269, 269, 269, 269, 269, 269, 269, 269, 269, 155, 155, 155, 155, 155, 155, 155, 325, 286, 286, 286, 286, 286, 286, 286, 325, 325, 325, 155, 155, 325, 325, 325, 325, 325, 325, 325, 325, 286, 286, 286, 286, 286, 286, 286, 286, 286, 286, 286, 325, 325, 325, 325, 325, 325, 359, 325, 325, 325, 325, 325, 325, 286, 364, 364, 364, 364, 364, 325, 325, 325, 325, 359, 359, 359, 359, 359, 359, 359, 325, 325, 325, 364, 364, 364, 364, 364, 364, 364, 325, 325, 359, 359, 359, 359, 364, 364, 364, 364, 364, 364, 364, 364, 364, 364, 325, 359, 359, 359, 359, 359, 359, 359, 359, 438, 364, 364, 364, 364, 364, 364, 364, 438, 438, 438, 438, 438, 438, 438, 359, 438, 359, 359, 359, 359, 408, 408, 408, 359, 408, 408, 408, 408, 408, 408, 408, 408, 438, 438, 438, 438, 364, 438, 438, 438, 438, 438, 438, 438, 438, 438, 408, 408, 408, 408, 408, 408, 438, 438, 438, 438, 438, 438, 438, 438, 438, 438, 408, 408, 408, 408, 239, 100, 25, 269, 233, 239]
FO Weighted Sum = 159422.5
FO1             = 318844.0
FO2             = 0.9999999999986802
