alfa Weighted Sum     = 0.5 
n° iter               = 12 
Estructura vecindario = 1 
Vecinos por iteración = 3 
N° clusters           = 15 
N° estaciones         = 452 
1° FO Weighted Sum    = 154691.39922480687
1° FO1                = 309382.0
1° FO2                = 0.7984496137580017
Archivo [1] 
C               = [0, 0, 0, 0, 0, 0, 0, 0, 0, 0, 0, 0, 0, 0, 0, 0, 0, 0, 0, 0, 0, 0, 0, 0, 0, 0, 0, 0, 0, 0, 1, 0, 0, 0, 0, 0, 0, 0, 0, 0, 0, 0, 0, 0, 0, 0, 0, 0, 0, 0, 0, 1, 0, 0, 0, 0, 0, 0, 0, 0, 0, 0, 0, 0, 0, 0, 0, 0, 0, 0, 0, 0, 0, 0, 0, 0, 0, 0, 0, 0, 0, 0, 0, 1, 0, 0, 0, 0, 0, 0, 0, 0, 0, 0, 0, 0, 0, 0, 0, 0, 0, 0, 0, 0, 0, 0, 0, 0, 0, 0, 0, 0, 0, 0, 0, 0, 0, 0, 0, 0, 0, 0, 0, 0, 0, 0, 0, 0, 0, 0, 0, 0, 0, 0, 0, 0, 0, 0, 0, 0, 0, 0, 0, 0, 0, 0, 1, 0, 0, 0, 0, 0, 0, 0, 0, 0, 0, 0, 0, 0, 0, 0, 0, 0, 0, 0, 0, 0, 0, 0, 0, 0, 0, 0, 0, 0, 0, 0, 0, 0, 0, 0, 0, 0, 0, 0, 0, 0, 0, 0, 0, 0, 0, 0, 0, 0, 0, 0, 0, 0, 1, 0, 0, 0, 0, 0, 0, 0, 0, 0, 0, 0, 0, 1, 0, 0, 0, 0, 0, 0, 0, 0, 0, 0, 0, 0, 0, 0, 0, 0, 0, 0, 0, 0, 0, 0, 0, 0, 0, 0, 0, 0, 0, 0, 0, 0, 1, 0, 0, 0, 0, 0, 0, 0, 0, 0, 0, 1, 0, 0, 0, 0, 0, 0, 0, 0, 0, 0, 1, 0, 0, 0, 0, 0, 0, 0, 0, 0, 0, 0, 0, 0, 0, 0, 0, 0, 0, 0, 0, 0, 0, 0, 0, 0, 0, 0, 0, 0, 0, 0, 0, 0, 0, 0, 0, 0, 0, 0, 0, 0, 0, 1, 0, 0, 0, 0, 0, 0, 0, 0, 0, 0, 1, 0, 0, 0, 0, 0, 0, 0, 0, 1, 0, 0, 0, 0, 0, 0, 0, 0, 0, 0, 0, 0, 0, 0, 0, 0, 0, 0, 0, 0, 0, 0, 0, 0, 1, 0, 0, 0, 0, 0, 0, 0, 0, 0, 0, 0, 0, 0, 0, 0, 0, 0, 0, 0, 0, 0, 0, 0, 0, 0, 0, 0, 0, 0, 0, 0, 0, 0, 0, 0, 0, 0, 0, 0, 0, 0, 0, 0, 0, 0, 1, 0, 0, 0, 0, 0, 0, 0, 0, 0, 0, 0, 1, 0, 0, 0, 0, 0, 0, 0, 0, 0, 0, 0, 0, 0, 0, 0, 0, 0, 0, 0, 0, 0, 0, 0, 0, 0, 0, 0, 0, 0, 0, 0, 0, 0, 0, 0, 0, 0] 
E               = [31, 247, 31, 247, 31, 31, 247, 31, 31, 269, 31, 31, 258, 258, 31, 31, 31, 31, 31, 31, 258, 258, 31, 31, 31, 31, 31, 258, 52, 31, 31, 258, 31, 31, 31, 258, 258, 258, 31, 31, 269, 31, 52, 258, 258, 258, 147, 52, 258, 258, 258, 52, 258, 258, 52, 147, 258, 258, 147, 258, 84, 258, 84, 84, 52, 258, 258, 84, 84, 84, 84, 258, 84, 84, 84, 84, 84, 84, 84, 84, 84, 52, 84, 84, 31, 31, 52, 52, 52, 52, 52, 52, 52, 52, 52, 52, 52, 52, 52, 52, 52, 52, 269, 52, 52, 52, 31, 52, 52, 52, 31, 269, 31, 31, 31, 31, 31, 31, 31, 31, 31, 52, 31, 147, 31, 31, 31, 31, 31, 31, 147, 31, 147, 147, 147, 147, 147, 147, 147, 147, 147, 147, 147, 147, 147, 84, 147, 147, 147, 84, 147, 84, 84, 84, 147, 147, 84, 147, 147, 269, 84, 84, 147, 84, 147, 258, 84, 84, 84, 312, 84, 312, 84, 269, 84, 269, 258, 258, 84, 84, 84, 84, 31, 258, 258, 258, 258, 258, 258, 258, 258, 247, 247, 247, 247, 201, 214, 214, 214, 201, 201, 214, 201, 201, 201, 214, 247, 201, 214, 201, 201, 201, 214, 214, 214, 214, 247, 201, 214, 214, 214, 214, 201, 201, 247, 247, 214, 214, 214, 214, 201, 247, 214, 201, 214, 214, 214, 214, 247, 214, 214, 214, 214, 201, 201, 247, 247, 247, 247, 247, 247, 247, 247, 269, 31, 269, 31, 258, 269, 52, 258, 52, 269, 269, 269, 269, 269, 269, 269, 269, 269, 269, 269, 269, 269, 147, 147, 84, 84, 147, 323, 323, 84, 84, 312, 312, 312, 312, 312, 84, 84, 323, 323, 323, 323, 323, 323, 323, 323, 323, 323, 323, 312, 312, 312, 312, 312, 312, 312, 312, 312, 312, 312, 312, 312, 323, 323, 323, 323, 323, 323, 323, 323, 323, 323, 332, 332, 312, 312, 312, 332, 332, 332, 332, 357, 357, 357, 323, 323, 323, 323, 357, 323, 357, 357, 357, 332, 332, 332, 332, 332, 332, 332, 332, 357, 357, 357, 357, 357, 357, 332, 332, 332, 332, 332, 332, 332, 332, 332, 415, 415, 357, 357, 403, 403, 403, 357, 357, 357, 415, 415, 415, 415, 332, 415, 415, 415, 415, 415, 415, 415, 415, 415, 415, 415, 415, 357, 403, 403, 403, 403, 403, 403, 403, 403, 403, 403, 403, 403, 403, 403, 403, 415, 415, 415, 415, 415, 415, 415, 415, 415, 415, 415, 415, 415, 403, 403, 403, 403, 403, 403, 403, 415, 415, 415, 415, 415, 415, 415, 415, 415, 403, 403, 403, 403, 403, 258, 52, 258, 269, 214, 247] 
FO Weighted Sum = 153156.88844622008 
FO1             = 306313.0 
FO2             = 0.7768924401190432 
Archivo [2] 
C               = [0, 0, 0, 0, 0, 0, 0, 0, 0, 0, 0, 0, 0, 0, 0, 0, 0, 0, 0, 0, 0, 0, 0, 0, 0, 0, 0, 0, 0, 0, 1, 0, 0, 0, 0, 0, 0, 0, 0, 0, 0, 0, 0, 0, 0, 0, 0, 0, 0, 0, 0, 0, 0, 0, 0, 0, 0, 0, 0, 0, 0, 0, 0, 0, 0, 0, 0, 0, 0, 0, 0, 0, 0, 0, 0, 0, 0, 0, 0, 0, 0, 0, 0, 1, 0, 0, 1, 0, 0, 0, 0, 0, 0, 0, 0, 0, 0, 0, 0, 0, 0, 0, 0, 0, 0, 0, 0, 0, 0, 0, 0, 0, 0, 0, 0, 0, 0, 0, 0, 0, 0, 0, 0, 0, 0, 0, 0, 0, 0, 0, 0, 0, 0, 0, 0, 0, 0, 0, 0, 0, 0, 0, 0, 0, 0, 0, 1, 0, 0, 0, 0, 0, 0, 0, 0, 0, 0, 0, 0, 0, 0, 0, 0, 0, 0, 0, 0, 0, 0, 0, 0, 0, 0, 0, 1, 0, 0, 0, 0, 0, 0, 0, 0, 0, 0, 0, 0, 0, 0, 0, 0, 1, 0, 0, 0, 0, 0, 0, 0, 0, 0, 0, 0, 0, 0, 0, 0, 0, 0, 0, 0, 0, 0, 1, 0, 0, 0, 0, 0, 0, 0, 0, 0, 0, 0, 0, 0, 0, 0, 0, 0, 0, 0, 0, 0, 0, 0, 0, 0, 0, 0, 0, 0, 0, 0, 0, 1, 0, 0, 0, 0, 0, 0, 0, 0, 0, 0, 1, 0, 0, 0, 0, 0, 0, 0, 0, 0, 0, 0, 0, 0, 0, 1, 0, 0, 0, 0, 0, 0, 0, 0, 0, 0, 0, 0, 0, 0, 0, 0, 0, 0, 0, 0, 0, 0, 0, 0, 0, 0, 0, 0, 0, 0, 0, 0, 0, 0, 0, 0, 0, 0, 0, 0, 0, 0, 0, 0, 0, 0, 0, 0, 0, 1, 0, 0, 0, 0, 0, 0, 0, 0, 0, 0, 0, 0, 0, 0, 0, 0, 0, 0, 0, 0, 0, 0, 0, 0, 1, 0, 0, 0, 0, 0, 0, 0, 0, 0, 0, 0, 0, 0, 0, 0, 0, 0, 0, 0, 0, 0, 0, 0, 0, 0, 0, 0, 0, 0, 0, 0, 0, 0, 0, 0, 0, 0, 0, 0, 0, 0, 0, 0, 0, 0, 0, 0, 0, 1, 0, 0, 0, 0, 0, 0, 0, 0, 0, 1, 0, 0, 0, 0, 0, 0, 0, 1, 0, 0, 0, 0, 0, 0, 0, 0, 0, 0, 0, 0, 0, 0, 0, 0, 0, 0, 0, 0, 0, 0, 0, 0, 0, 0, 0, 0, 0, 0, 0, 0, 0, 0, 0, 0, 0] 
E               = [31, 247, 31, 247, 31, 31, 247, 31, 31, 31, 31, 31, 258, 258, 31, 31, 31, 31, 31, 31, 258, 258, 31, 31, 31, 31, 31, 258, 273, 31, 31, 258, 31, 31, 31, 258, 258, 258, 31, 31, 273, 31, 87, 258, 258, 258, 147, 87, 258, 258, 258, 87, 258, 258, 87, 147, 258, 258, 147, 258, 84, 258, 84, 84, 87, 258, 258, 84, 84, 84, 84, 258, 84, 84, 84, 84, 175, 84, 84, 84, 84, 87, 84, 84, 31, 31, 87, 87, 87, 87, 87, 87, 87, 87, 87, 87, 87, 87, 87, 87, 87, 87, 273, 87, 87, 87, 31, 87, 87, 87, 31, 273, 31, 31, 31, 31, 31, 31, 31, 31, 31, 87, 31, 147, 31, 31, 31, 31, 31, 31, 147, 31, 147, 147, 147, 147, 147, 147, 147, 147, 147, 147, 147, 147, 147, 84, 147, 147, 147, 84, 147, 84, 84, 84, 147, 147, 84, 147, 147, 273, 84, 84, 147, 84, 147, 258, 175, 175, 175, 175, 175, 175, 175, 273, 175, 273, 258, 175, 84, 84, 175, 175, 31, 258, 258, 258, 258, 258, 258, 258, 258, 192, 192, 247, 192, 214, 214, 214, 214, 247, 247, 214, 214, 192, 247, 214, 247, 192, 214, 214, 247, 247, 214, 214, 214, 214, 247, 192, 214, 214, 214, 192, 192, 192, 247, 247, 214, 214, 214, 214, 192, 247, 192, 192, 214, 214, 192, 192, 247, 214, 214, 214, 214, 214, 247, 247, 247, 247, 247, 247, 247, 247, 247, 273, 273, 273, 31, 258, 273, 87, 258, 87, 273, 273, 273, 273, 273, 273, 273, 273, 273, 273, 273, 273, 273, 147, 147, 175, 175, 147, 323, 323, 175, 175, 175, 175, 175, 175, 175, 175, 175, 175, 175, 323, 323, 323, 323, 323, 323, 323, 175, 175, 175, 175, 175, 175, 175, 348, 348, 175, 348, 348, 348, 348, 348, 323, 323, 323, 323, 323, 323, 323, 323, 323, 323, 348, 348, 348, 348, 348, 348, 348, 348, 348, 348, 323, 323, 323, 323, 323, 323, 323, 323, 323, 348, 348, 348, 348, 348, 348, 348, 348, 348, 348, 348, 397, 397, 397, 397, 397, 348, 348, 348, 348, 348, 348, 348, 348, 348, 348, 415, 397, 397, 397, 397, 397, 397, 397, 397, 415, 415, 415, 415, 415, 415, 415, 415, 415, 415, 415, 415, 415, 415, 397, 397, 397, 397, 397, 397, 397, 397, 407, 407, 407, 407, 407, 407, 407, 407, 407, 407, 397, 415, 415, 415, 415, 415, 415, 415, 415, 415, 415, 415, 415, 397, 407, 407, 407, 407, 407, 407, 407, 415, 415, 415, 415, 415, 415, 415, 407, 407, 407, 407, 407, 407, 407, 258, 87, 258, 273, 214, 247] 
FO Weighted Sum = 145050.4333333329 
FO1             = 290100.0 
FO2             = 0.8666666658259117 
Archivo [3] 
C               = [0, 0, 0, 0, 0, 0, 0, 0, 0, 0, 0, 0, 0, 0, 0, 0, 0, 0, 0, 0, 0, 0, 0, 0, 0, 0, 0, 0, 0, 0, 1, 0, 0, 0, 0, 0, 0, 0, 0, 0, 0, 0, 0, 0, 0, 0, 0, 0, 0, 0, 0, 0, 0, 0, 0, 0, 0, 0, 0, 0, 0, 0, 0, 0, 0, 0, 0, 0, 0, 0, 0, 0, 0, 0, 0, 0, 0, 0, 0, 0, 0, 0, 0, 1, 0, 0, 1, 0, 0, 0, 0, 0, 0, 0, 0, 0, 0, 0, 0, 0, 0, 0, 0, 0, 0, 0, 0, 0, 0, 0, 0, 0, 0, 0, 0, 0, 0, 0, 0, 0, 0, 0, 0, 0, 0, 0, 0, 0, 0, 0, 0, 0, 0, 0, 0, 0, 0, 0, 0, 0, 0, 0, 0, 0, 0, 0, 1, 0, 0, 0, 0, 0, 0, 0, 0, 0, 0, 0, 0, 0, 0, 0, 0, 0, 0, 0, 1, 0, 0, 0, 0, 0, 0, 0, 0, 0, 0, 0, 0, 0, 0, 0, 0, 0, 0, 0, 0, 0, 0, 0, 0, 1, 0, 0, 0, 0, 0, 0, 0, 0, 0, 0, 0, 0, 0, 0, 0, 0, 0, 0, 0, 0, 0, 1, 0, 0, 0, 0, 0, 0, 0, 0, 0, 0, 0, 0, 0, 0, 0, 0, 0, 0, 0, 0, 0, 0, 0, 0, 0, 0, 0, 0, 0, 0, 0, 0, 1, 0, 0, 0, 0, 0, 0, 0, 0, 0, 0, 0, 0, 0, 0, 0, 0, 0, 0, 0, 0, 0, 0, 0, 0, 0, 1, 0, 0, 0, 0, 0, 0, 0, 0, 0, 0, 0, 0, 0, 0, 0, 0, 0, 0, 0, 0, 0, 0, 0, 0, 0, 0, 0, 0, 0, 0, 0, 0, 0, 0, 0, 0, 0, 0, 1, 0, 0, 0, 0, 0, 0, 0, 0, 0, 0, 1, 0, 0, 0, 0, 0, 0, 0, 0, 0, 0, 0, 0, 0, 0, 0, 0, 0, 0, 0, 0, 0, 0, 0, 0, 1, 0, 0, 0, 0, 0, 0, 0, 0, 0, 0, 0, 0, 0, 0, 0, 0, 0, 0, 0, 0, 0, 0, 0, 0, 0, 0, 0, 0, 0, 0, 0, 0, 0, 0, 0, 0, 0, 0, 0, 0, 0, 0, 0, 0, 0, 0, 0, 0, 1, 0, 0, 0, 0, 0, 0, 0, 0, 0, 1, 0, 0, 0, 0, 0, 0, 0, 1, 0, 0, 0, 0, 0, 0, 0, 0, 0, 0, 0, 0, 0, 0, 0, 0, 0, 0, 0, 0, 0, 0, 0, 0, 0, 0, 0, 0, 0, 0, 0, 0, 0, 0, 0, 0, 0] 
E               = [31, 247, 31, 247, 31, 31, 247, 31, 31, 273, 31, 31, 247, 247, 31, 31, 31, 31, 31, 31, 247, 247, 31, 31, 31, 31, 31, 247, 273, 31, 31, 31, 31, 31, 31, 247, 31, 31, 31, 31, 273, 31, 87, 84, 84, 31, 147, 87, 84, 84, 147, 87, 167, 84, 87, 147, 84, 84, 147, 167, 84, 84, 84, 84, 87, 167, 84, 84, 84, 84, 84, 167, 84, 84, 167, 84, 167, 167, 84, 84, 84, 87, 84, 84, 31, 31, 87, 87, 87, 87, 87, 87, 87, 87, 87, 87, 87, 87, 87, 87, 87, 87, 273, 87, 87, 87, 31, 87, 87, 87, 31, 273, 31, 31, 31, 31, 31, 31, 31, 31, 31, 87, 31, 147, 31, 31, 31, 31, 31, 31, 147, 31, 147, 147, 147, 147, 147, 147, 147, 147, 147, 147, 147, 147, 147, 84, 147, 147, 147, 84, 147, 84, 84, 84, 147, 147, 84, 147, 147, 273, 84, 84, 147, 84, 147, 167, 167, 167, 167, 167, 167, 167, 167, 273, 84, 273, 167, 167, 84, 84, 167, 84, 273, 167, 167, 167, 167, 167, 167, 167, 167, 192, 192, 247, 192, 214, 214, 214, 214, 247, 247, 214, 214, 192, 247, 214, 247, 192, 214, 214, 247, 247, 214, 214, 214, 214, 247, 192, 214, 214, 214, 192, 192, 192, 247, 247, 214, 214, 214, 214, 192, 247, 192, 192, 214, 214, 192, 192, 247, 214, 214, 214, 214, 214, 247, 247, 247, 247, 247, 247, 247, 247, 247, 273, 273, 273, 31, 167, 273, 87, 247, 87, 273, 273, 273, 273, 273, 273, 273, 273, 273, 273, 273, 273, 273, 147, 147, 84, 84, 147, 323, 323, 84, 167, 167, 167, 312, 312, 167, 167, 84, 323, 323, 323, 323, 323, 323, 323, 323, 323, 323, 323, 312, 312, 312, 312, 312, 312, 312, 312, 312, 312, 312, 312, 348, 323, 323, 323, 323, 323, 323, 323, 323, 323, 323, 348, 348, 312, 312, 312, 312, 348, 348, 348, 348, 323, 323, 323, 323, 323, 323, 323, 323, 323, 348, 348, 348, 348, 348, 348, 312, 348, 348, 348, 348, 397, 397, 397, 397, 397, 348, 348, 348, 348, 348, 348, 348, 348, 348, 348, 415, 397, 397, 397, 397, 397, 397, 397, 397, 415, 415, 415, 415, 415, 415, 415, 415, 415, 415, 415, 415, 415, 415, 397, 397, 397, 397, 397, 397, 397, 397, 407, 407, 407, 407, 407, 407, 407, 407, 407, 407, 397, 415, 415, 415, 415, 415, 415, 415, 415, 415, 415, 415, 415, 397, 407, 407, 407, 407, 407, 407, 407, 415, 415, 415, 415, 415, 415, 415, 407, 407, 407, 407, 407, 407, 407, 84, 87, 247, 273, 214, 247] 
FO Weighted Sum = 148130.4298245614 
FO1             = 296260.0 
FO2             = 0.859649122805287 
Archivo [4] 
C               = [0, 0, 0, 0, 0, 0, 0, 0, 0, 0, 0, 0, 0, 0, 0, 0, 0, 0, 0, 0, 0, 0, 0, 0, 0, 0, 0, 0, 0, 0, 1, 0, 0, 0, 0, 0, 0, 0, 0, 0, 0, 0, 0, 0, 0, 0, 0, 0, 0, 0, 0, 0, 0, 0, 0, 0, 0, 0, 0, 0, 0, 0, 0, 0, 0, 0, 0, 0, 0, 0, 0, 0, 0, 0, 0, 0, 0, 1, 0, 0, 0, 0, 0, 1, 0, 0, 1, 0, 0, 0, 0, 0, 0, 0, 0, 0, 0, 0, 0, 0, 0, 0, 0, 0, 0, 0, 0, 0, 0, 0, 0, 0, 0, 0, 0, 0, 0, 0, 0, 0, 0, 0, 0, 0, 0, 0, 0, 0, 0, 0, 0, 0, 0, 0, 0, 0, 0, 0, 0, 0, 0, 0, 0, 0, 0, 0, 1, 0, 0, 0, 0, 0, 0, 0, 0, 0, 0, 0, 0, 0, 0, 0, 0, 0, 0, 0, 0, 0, 0, 0, 0, 0, 0, 0, 0, 0, 0, 0, 0, 0, 0, 0, 0, 0, 0, 0, 0, 0, 0, 0, 0, 1, 0, 0, 0, 0, 0, 0, 0, 0, 0, 0, 0, 0, 0, 0, 0, 0, 0, 0, 0, 0, 0, 1, 0, 0, 0, 0, 0, 0, 0, 0, 0, 0, 0, 0, 0, 0, 0, 0, 0, 0, 0, 0, 0, 0, 0, 0, 0, 0, 0, 0, 0, 0, 0, 0, 1, 0, 0, 0, 0, 0, 0, 0, 0, 0, 0, 0, 0, 0, 0, 0, 0, 0, 0, 0, 0, 0, 0, 0, 0, 0, 1, 0, 0, 0, 0, 0, 0, 0, 0, 0, 0, 0, 0, 0, 0, 0, 0, 0, 0, 0, 0, 0, 0, 0, 0, 0, 0, 0, 0, 0, 0, 0, 0, 0, 0, 0, 0, 0, 0, 1, 0, 0, 0, 0, 0, 0, 0, 0, 0, 0, 1, 0, 0, 0, 0, 0, 0, 0, 0, 0, 0, 0, 0, 0, 0, 0, 0, 0, 0, 0, 0, 0, 0, 0, 0, 1, 0, 0, 0, 0, 0, 0, 0, 0, 0, 0, 0, 0, 0, 0, 0, 0, 0, 0, 0, 0, 0, 0, 0, 0, 0, 0, 0, 0, 0, 0, 0, 0, 0, 0, 0, 0, 0, 0, 0, 0, 0, 0, 0, 0, 0, 0, 0, 0, 1, 0, 0, 0, 0, 0, 0, 0, 0, 0, 1, 0, 0, 0, 0, 0, 0, 0, 1, 0, 0, 0, 0, 0, 0, 0, 0, 0, 0, 0, 0, 0, 0, 0, 0, 0, 0, 0, 0, 0, 0, 0, 0, 0, 0, 0, 0, 0, 0, 0, 0, 0, 0, 0, 0, 0] 
E               = [31, 247, 31, 247, 31, 31, 247, 31, 31, 273, 31, 31, 247, 247, 31, 31, 31, 31, 31, 31, 247, 247, 31, 31, 31, 31, 31, 247, 273, 31, 31, 31, 31, 31, 31, 78, 31, 31, 31, 31, 273, 31, 87, 78, 84, 31, 147, 87, 78, 78, 147, 87, 78, 84, 87, 147, 78, 84, 147, 78, 84, 78, 84, 84, 87, 78, 78, 78, 84, 84, 84, 78, 78, 84, 78, 84, 78, 78, 78, 84, 84, 87, 84, 84, 31, 31, 87, 87, 87, 87, 87, 87, 87, 87, 87, 87, 87, 87, 87, 87, 87, 87, 273, 87, 87, 87, 31, 87, 87, 87, 31, 273, 31, 31, 31, 31, 31, 31, 31, 31, 31, 87, 31, 147, 31, 31, 31, 31, 31, 31, 147, 31, 147, 147, 147, 147, 147, 147, 147, 147, 147, 147, 147, 147, 147, 84, 147, 147, 147, 84, 147, 84, 84, 84, 147, 147, 84, 147, 147, 273, 84, 84, 147, 84, 147, 78, 78, 78, 78, 78, 78, 78, 78, 273, 84, 273, 78, 78, 84, 84, 78, 84, 273, 78, 78, 78, 78, 78, 78, 78, 78, 192, 192, 247, 192, 214, 214, 214, 214, 247, 247, 214, 214, 192, 247, 214, 247, 192, 214, 214, 247, 247, 214, 214, 214, 214, 247, 192, 214, 214, 214, 192, 192, 192, 247, 247, 214, 214, 214, 214, 192, 247, 192, 192, 214, 214, 192, 192, 247, 214, 214, 214, 214, 214, 247, 247, 247, 247, 247, 247, 247, 247, 247, 273, 273, 273, 31, 78, 273, 87, 247, 87, 273, 273, 273, 273, 273, 273, 273, 273, 273, 273, 273, 273, 273, 147, 147, 84, 84, 147, 323, 323, 84, 84, 78, 312, 312, 312, 312, 312, 84, 323, 323, 323, 323, 323, 323, 323, 323, 323, 323, 323, 312, 312, 312, 312, 312, 312, 312, 312, 312, 312, 312, 312, 348, 323, 323, 323, 323, 323, 323, 323, 323, 323, 323, 348, 348, 312, 312, 312, 312, 348, 348, 348, 348, 323, 323, 323, 323, 323, 323, 323, 323, 323, 348, 348, 348, 348, 348, 348, 312, 348, 348, 348, 348, 397, 397, 397, 397, 397, 348, 348, 348, 348, 348, 348, 348, 348, 348, 348, 415, 397, 397, 397, 397, 397, 397, 397, 397, 415, 415, 415, 415, 415, 415, 415, 415, 415, 415, 415, 415, 415, 415, 397, 397, 397, 397, 397, 397, 397, 397, 407, 407, 407, 407, 407, 407, 407, 407, 407, 407, 397, 415, 415, 415, 415, 415, 415, 415, 415, 415, 415, 415, 415, 397, 407, 407, 407, 407, 407, 407, 407, 415, 415, 415, 415, 415, 415, 415, 407, 407, 407, 407, 407, 407, 407, 78, 87, 78, 273, 214, 247] 
FO Weighted Sum = 147137.42982464813 
FO1             = 294274.0 
FO2             = 0.8596492962990413 
Archivo [5] 
C               = [0, 0, 0, 0, 0, 0, 0, 0, 0, 0, 0, 0, 0, 0, 0, 0, 0, 0, 0, 0, 0, 0, 0, 0, 0, 0, 0, 0, 0, 0, 1, 0, 0, 0, 0, 0, 0, 0, 0, 0, 0, 0, 0, 0, 0, 0, 0, 0, 0, 0, 0, 0, 0, 0, 0, 0, 0, 0, 0, 0, 0, 0, 0, 0, 0, 0, 0, 0, 0, 0, 0, 0, 0, 0, 0, 0, 0, 0, 0, 0, 0, 0, 0, 1, 0, 0, 1, 0, 0, 0, 0, 0, 0, 0, 0, 0, 0, 0, 0, 0, 0, 0, 0, 0, 0, 0, 0, 0, 0, 0, 0, 0, 0, 0, 0, 0, 0, 0, 0, 0, 0, 0, 0, 0, 0, 0, 0, 0, 0, 0, 0, 0, 0, 0, 0, 0, 0, 0, 0, 0, 0, 0, 0, 0, 0, 0, 1, 0, 0, 0, 0, 0, 0, 0, 0, 0, 0, 0, 0, 0, 0, 0, 0, 0, 0, 0, 1, 0, 0, 0, 0, 0, 0, 0, 0, 0, 0, 0, 0, 0, 0, 0, 0, 0, 0, 0, 0, 0, 0, 0, 0, 1, 0, 0, 0, 0, 0, 0, 0, 0, 0, 1, 0, 0, 0, 0, 0, 0, 0, 0, 0, 0, 0, 0, 0, 0, 0, 0, 0, 0, 0, 0, 0, 0, 0, 0, 0, 0, 0, 0, 0, 0, 0, 0, 0, 0, 0, 0, 0, 0, 0, 0, 0, 0, 0, 0, 1, 0, 0, 0, 0, 0, 0, 0, 0, 0, 0, 0, 0, 0, 0, 0, 0, 0, 0, 0, 0, 0, 0, 0, 0, 0, 1, 0, 0, 0, 0, 0, 0, 0, 0, 0, 0, 0, 0, 0, 0, 0, 0, 0, 0, 0, 0, 0, 0, 0, 0, 0, 0, 0, 0, 0, 0, 0, 0, 0, 0, 0, 0, 0, 0, 1, 0, 0, 0, 0, 0, 0, 0, 0, 0, 0, 1, 0, 0, 0, 0, 0, 0, 0, 0, 0, 0, 0, 0, 0, 0, 0, 0, 0, 0, 0, 0, 0, 0, 0, 0, 1, 0, 0, 0, 0, 0, 0, 0, 0, 0, 0, 0, 0, 0, 0, 0, 0, 0, 0, 0, 0, 0, 0, 0, 0, 0, 0, 0, 0, 0, 0, 0, 0, 0, 0, 0, 0, 0, 0, 0, 0, 0, 0, 0, 0, 0, 0, 0, 0, 1, 0, 0, 0, 0, 0, 0, 0, 0, 0, 1, 0, 0, 0, 0, 0, 0, 0, 1, 0, 0, 0, 0, 0, 0, 0, 0, 0, 0, 0, 0, 0, 0, 0, 0, 0, 0, 0, 0, 0, 0, 0, 0, 0, 0, 0, 0, 0, 0, 0, 0, 0, 0, 0, 0, 0] 
E               = [31, 247, 31, 247, 31, 31, 247, 31, 31, 273, 31, 31, 247, 247, 31, 31, 31, 31, 31, 31, 247, 247, 31, 31, 31, 31, 31, 247, 273, 31, 31, 31, 31, 31, 31, 247, 31, 31, 31, 31, 273, 31, 87, 84, 84, 31, 147, 87, 84, 84, 147, 87, 167, 84, 87, 147, 84, 84, 147, 167, 84, 84, 84, 84, 87, 167, 84, 84, 84, 84, 84, 167, 84, 84, 167, 84, 167, 167, 84, 84, 84, 87, 84, 84, 31, 31, 87, 87, 87, 87, 87, 87, 87, 87, 87, 87, 87, 87, 87, 87, 87, 87, 273, 87, 87, 87, 31, 87, 87, 87, 31, 273, 31, 31, 31, 31, 31, 31, 31, 31, 31, 87, 31, 147, 31, 31, 31, 31, 31, 31, 147, 31, 147, 147, 147, 147, 147, 147, 147, 147, 147, 147, 147, 147, 147, 84, 147, 147, 147, 84, 147, 84, 84, 84, 147, 147, 84, 147, 147, 273, 84, 84, 147, 84, 147, 167, 167, 167, 167, 167, 167, 167, 167, 273, 84, 273, 167, 167, 84, 84, 167, 84, 273, 167, 167, 167, 167, 167, 167, 167, 167, 192, 192, 247, 192, 202, 202, 202, 202, 247, 247, 202, 202, 202, 247, 202, 247, 192, 202, 202, 247, 247, 202, 202, 202, 202, 247, 192, 202, 202, 202, 202, 192, 192, 247, 247, 202, 192, 202, 202, 192, 247, 192, 192, 202, 202, 192, 192, 247, 202, 202, 202, 202, 202, 202, 247, 247, 247, 247, 247, 247, 247, 247, 273, 273, 273, 31, 167, 273, 87, 247, 87, 273, 273, 273, 273, 273, 273, 273, 273, 273, 273, 273, 273, 273, 147, 147, 84, 84, 147, 323, 323, 84, 167, 167, 167, 312, 312, 167, 167, 84, 323, 323, 323, 323, 323, 323, 323, 323, 323, 323, 323, 312, 312, 312, 312, 312, 312, 312, 312, 312, 312, 312, 312, 348, 323, 323, 323, 323, 323, 323, 323, 323, 323, 323, 348, 348, 312, 312, 312, 312, 348, 348, 348, 348, 323, 323, 323, 323, 323, 323, 323, 323, 323, 348, 348, 348, 348, 348, 348, 312, 348, 348, 348, 348, 397, 397, 397, 397, 397, 348, 348, 348, 348, 348, 348, 348, 348, 348, 348, 415, 397, 397, 397, 397, 397, 397, 397, 397, 415, 415, 415, 415, 415, 415, 415, 415, 415, 415, 415, 415, 415, 415, 397, 397, 397, 397, 397, 397, 397, 397, 407, 407, 407, 407, 407, 407, 407, 407, 407, 407, 397, 415, 415, 415, 415, 415, 415, 415, 415, 415, 415, 415, 415, 397, 407, 407, 407, 407, 407, 407, 407, 415, 415, 415, 415, 415, 415, 415, 407, 407, 407, 407, 407, 407, 407, 84, 87, 247, 273, 202, 247] 
FO Weighted Sum = 148320.9298245614 
FO1             = 296641.0 
FO2             = 0.8596491228052838 
Archivo [6] 
C               = [0, 0, 0, 0, 0, 0, 0, 0, 0, 0, 0, 0, 0, 0, 0, 0, 0, 0, 0, 0, 0, 0, 0, 0, 0, 0, 0, 0, 0, 0, 1, 0, 0, 0, 0, 0, 0, 0, 0, 0, 0, 0, 0, 0, 0, 0, 0, 0, 0, 0, 0, 0, 0, 0, 0, 0, 0, 0, 0, 0, 0, 0, 0, 0, 0, 0, 0, 0, 0, 0, 0, 0, 0, 0, 0, 0, 0, 0, 0, 0, 0, 0, 0, 1, 0, 0, 1, 0, 0, 0, 0, 0, 0, 0, 0, 0, 0, 0, 0, 0, 0, 0, 0, 0, 0, 0, 0, 0, 0, 0, 0, 0, 0, 0, 0, 0, 0, 0, 0, 0, 0, 0, 0, 0, 0, 0, 0, 0, 0, 0, 0, 0, 0, 0, 0, 0, 0, 0, 0, 0, 0, 0, 0, 0, 0, 0, 0, 0, 0, 0, 0, 0, 0, 0, 0, 0, 0, 0, 1, 0, 0, 0, 0, 0, 0, 0, 1, 0, 0, 0, 0, 0, 0, 0, 0, 0, 0, 0, 0, 0, 0, 0, 0, 0, 0, 0, 0, 0, 0, 0, 0, 1, 0, 0, 0, 0, 0, 0, 0, 0, 0, 1, 0, 0, 0, 0, 0, 0, 0, 0, 0, 0, 0, 0, 0, 0, 0, 0, 0, 0, 0, 0, 0, 0, 0, 0, 0, 0, 0, 0, 0, 0, 0, 0, 0, 0, 0, 0, 0, 0, 0, 0, 0, 0, 0, 0, 1, 0, 0, 0, 0, 0, 0, 0, 0, 0, 0, 0, 0, 0, 0, 0, 0, 0, 0, 0, 0, 0, 0, 0, 0, 0, 1, 0, 0, 0, 0, 0, 0, 0, 0, 0, 0, 0, 0, 0, 0, 0, 0, 0, 0, 0, 0, 0, 0, 0, 0, 0, 0, 0, 0, 0, 0, 0, 0, 0, 0, 0, 0, 0, 0, 1, 0, 0, 0, 0, 0, 0, 0, 0, 0, 0, 1, 0, 0, 0, 0, 0, 0, 0, 0, 0, 0, 0, 0, 0, 0, 0, 0, 0, 0, 0, 0, 0, 0, 0, 0, 1, 0, 0, 0, 0, 0, 0, 0, 0, 0, 0, 0, 0, 0, 0, 0, 0, 0, 0, 0, 0, 0, 0, 0, 0, 0, 0, 0, 0, 0, 0, 0, 0, 0, 0, 0, 0, 0, 0, 0, 0, 0, 0, 0, 0, 0, 0, 0, 0, 1, 0, 0, 0, 0, 0, 0, 0, 0, 0, 1, 0, 0, 0, 0, 0, 0, 0, 1, 0, 0, 0, 0, 0, 0, 0, 0, 0, 0, 0, 0, 0, 0, 0, 0, 0, 0, 0, 0, 0, 0, 0, 0, 0, 0, 0, 0, 0, 0, 0, 0, 0, 0, 0, 0, 0] 
E               = [31, 247, 31, 247, 31, 31, 247, 31, 247, 273, 31, 31, 247, 247, 31, 31, 31, 31, 31, 31, 247, 247, 31, 31, 31, 273, 31, 247, 273, 31, 31, 31, 31, 31, 31, 247, 31, 84, 31, 31, 273, 31, 87, 84, 84, 31, 31, 87, 84, 84, 84, 87, 167, 84, 87, 84, 84, 84, 84, 167, 84, 84, 84, 84, 87, 167, 84, 84, 84, 84, 84, 167, 84, 84, 167, 84, 167, 167, 84, 84, 84, 87, 84, 84, 31, 31, 87, 87, 87, 87, 87, 87, 87, 87, 87, 87, 87, 87, 87, 87, 87, 87, 273, 87, 87, 87, 31, 87, 87, 87, 31, 273, 31, 31, 31, 31, 31, 31, 31, 31, 31, 87, 31, 87, 31, 31, 31, 31, 31, 31, 31, 31, 31, 31, 31, 159, 159, 159, 159, 159, 159, 84, 159, 159, 159, 84, 159, 159, 159, 84, 159, 84, 84, 84, 159, 159, 84, 159, 159, 273, 84, 84, 159, 84, 159, 167, 167, 167, 167, 167, 167, 167, 167, 273, 84, 273, 167, 167, 84, 84, 167, 84, 273, 167, 167, 167, 167, 167, 167, 167, 167, 192, 192, 247, 192, 202, 202, 202, 202, 247, 247, 202, 202, 202, 247, 202, 247, 192, 202, 202, 247, 247, 202, 202, 202, 202, 247, 192, 202, 202, 202, 202, 192, 192, 247, 247, 202, 192, 202, 202, 192, 247, 192, 192, 202, 202, 192, 192, 247, 202, 202, 202, 202, 202, 202, 247, 247, 247, 247, 247, 247, 247, 247, 273, 273, 273, 31, 167, 273, 87, 247, 87, 273, 273, 273, 273, 273, 273, 273, 273, 273, 273, 273, 273, 273, 159, 159, 84, 84, 159, 159, 323, 84, 167, 167, 167, 312, 312, 167, 167, 84, 323, 323, 323, 323, 323, 323, 323, 323, 323, 323, 323, 312, 312, 312, 312, 312, 312, 312, 312, 312, 312, 312, 312, 348, 323, 323, 323, 323, 323, 323, 323, 323, 323, 323, 348, 348, 312, 312, 312, 312, 348, 348, 348, 348, 323, 323, 323, 323, 323, 323, 323, 323, 323, 348, 348, 348, 348, 348, 348, 312, 348, 348, 348, 348, 397, 397, 397, 397, 397, 348, 348, 348, 348, 348, 348, 348, 348, 348, 348, 415, 397, 397, 397, 397, 397, 397, 397, 397, 415, 415, 415, 415, 415, 415, 415, 415, 415, 415, 415, 415, 415, 415, 397, 397, 397, 397, 397, 397, 397, 397, 407, 407, 407, 407, 407, 407, 407, 407, 407, 407, 397, 415, 415, 415, 415, 415, 415, 415, 415, 415, 415, 415, 415, 397, 407, 407, 407, 407, 407, 407, 407, 415, 415, 415, 415, 415, 415, 415, 407, 407, 407, 407, 407, 407, 407, 84, 87, 247, 273, 202, 247] 
FO Weighted Sum = 150610.9298245614 
FO1             = 301221.0 
FO2             = 0.8596491228052636 
