Segundos              = 1204.194293599 
alfa Weighted Sum     = 0.5 
n° iter               = 3 
Estructura vecindario = 1 
Vecinos por iteración = 3 
N° clusters           = 15 
N° estaciones         = 452 
1° FO Weighted Sum    = 159447.5
1° FO1 Normalizada    = 318894.0
1° FO2 Normalizada    = 1
1° FO1                = 318894.0
1° FO2                = 1
Archivo [1] 
C               = [0, 0, 0, 0, 0, 0, 0, 0, 0, 0, 0, 0, 0, 0, 0, 0, 0, 0, 0, 0, 0, 0, 0, 0, 0, 0, 0, 0, 0, 0, 0, 0, 0, 0, 0, 0, 0, 0, 0, 0, 0, 0, 0, 0, 0, 0, 0, 0, 0, 0, 0, 0, 0, 0, 0, 0, 0, 0, 0, 0, 1, 0, 0, 0, 0, 0, 0, 0, 0, 0, 0, 0, 0, 0, 0, 0, 0, 0, 0, 0, 0, 0, 0, 0, 1, 0, 0, 0, 0, 0, 0, 0, 0, 0, 0, 0, 1, 0, 0, 0, 0, 0, 0, 0, 0, 0, 0, 0, 0, 0, 0, 0, 0, 0, 0, 0, 0, 0, 1, 0, 0, 0, 0, 0, 0, 0, 0, 0, 0, 0, 0, 0, 0, 0, 0, 0, 0, 0, 0, 0, 0, 0, 0, 0, 0, 0, 0, 0, 0, 0, 0, 0, 0, 0, 0, 0, 0, 0, 1, 0, 0, 0, 0, 0, 0, 0, 0, 0, 0, 0, 0, 0, 0, 0, 0, 0, 0, 0, 0, 0, 0, 0, 0, 0, 0, 0, 0, 0, 0, 1, 0, 0, 0, 0, 0, 0, 0, 0, 0, 0, 0, 0, 0, 0, 0, 0, 0, 0, 0, 0, 0, 0, 0, 0, 1, 0, 1, 0, 0, 0, 0, 0, 0, 0, 0, 0, 0, 0, 0, 0, 0, 0, 0, 0, 0, 0, 0, 0, 0, 0, 0, 0, 0, 0, 0, 0, 0, 1, 0, 0, 0, 0, 0, 0, 0, 0, 0, 0, 0, 0, 0, 0, 0, 0, 0, 0, 0, 0, 0, 0, 0, 0, 0, 0, 0, 0, 0, 0, 0, 0, 0, 0, 0, 0, 0, 1, 0, 0, 0, 0, 0, 0, 0, 0, 0, 0, 0, 0, 0, 0, 0, 0, 0, 0, 0, 0, 0, 0, 0, 0, 0, 0, 0, 0, 0, 0, 0, 1, 0, 0, 0, 0, 0, 0, 0, 0, 0, 0, 0, 0, 0, 0, 0, 0, 0, 0, 0, 0, 0, 0, 0, 1, 0, 0, 0, 0, 0, 0, 0, 0, 0, 0, 0, 0, 0, 0, 0, 0, 0, 0, 0, 0, 0, 0, 0, 0, 0, 0, 0, 1, 0, 0, 0, 0, 0, 0, 0, 0, 0, 0, 0, 0, 0, 0, 0, 0, 0, 0, 0, 0, 0, 0, 0, 0, 0, 0, 0, 0, 0, 0, 0, 0, 0, 0, 0, 0, 0, 0, 0, 0, 0, 0, 0, 0, 0, 0, 0, 0, 0, 0, 0, 0, 0, 0, 0, 0, 0, 0, 0, 0, 0, 1, 0, 1, 0, 0, 0, 0, 0, 0, 0, 0, 0, 0, 0, 0, 0, 0, 0, 0, 0, 0] 
E               = [85, 248, 119, 248, 248, 85, 248, 85, 248, 119, 85, 85, 248, 248, 248, 248, 85, 85, 85, 119, 61, 248, 248, 248, 85, 119, 119, 61, 119, 85, 119, 61, 119, 119, 119, 61, 61, 61, 61, 119, 119, 61, 97, 61, 61, 61, 61, 119, 61, 61, 61, 97, 190, 61, 97, 61, 61, 61, 61, 61, 61, 61, 61, 61, 97, 190, 61, 61, 61, 61, 61, 190, 61, 61, 190, 61, 190, 190, 61, 61, 61, 97, 61, 61, 85, 85, 97, 97, 97, 97, 97, 97, 97, 97, 97, 97, 97, 119, 97, 97, 97, 97, 85, 97, 97, 97, 119, 119, 97, 97, 85, 119, 119, 119, 119, 119, 119, 119, 119, 119, 119, 119, 119, 119, 119, 119, 119, 119, 61, 119, 119, 119, 119, 61, 119, 61, 119, 119, 61, 159, 159, 61, 159, 159, 159, 61, 159, 159, 159, 61, 159, 61, 61, 61, 159, 159, 61, 159, 159, 85, 159, 159, 159, 159, 159, 190, 286, 286, 286, 190, 286, 286, 286, 85, 286, 85, 190, 190, 61, 61, 286, 286, 85, 190, 190, 190, 190, 190, 190, 190, 190, 217, 217, 248, 217, 215, 215, 215, 215, 217, 217, 215, 215, 215, 217, 215, 217, 217, 215, 215, 217, 217, 215, 215, 215, 215, 217, 217, 215, 215, 215, 215, 217, 217, 217, 217, 215, 215, 215, 215, 215, 217, 215, 217, 215, 215, 215, 215, 217, 215, 215, 215, 215, 215, 217, 248, 217, 248, 248, 248, 248, 248, 248, 85, 85, 85, 85, 190, 85, 119, 248, 97, 85, 85, 85, 85, 85, 85, 85, 119, 85, 85, 85, 85, 85, 159, 159, 318, 318, 159, 318, 318, 318, 286, 286, 286, 286, 286, 286, 286, 318, 318, 318, 318, 318, 318, 318, 318, 318, 318, 318, 318, 286, 286, 286, 286, 286, 286, 286, 286, 286, 286, 286, 286, 318, 318, 318, 318, 318, 318, 318, 318, 318, 318, 318, 370, 370, 286, 286, 286, 286, 370, 370, 370, 370, 318, 318, 342, 342, 342, 342, 342, 342, 342, 370, 370, 370, 370, 370, 370, 370, 370, 370, 370, 370, 370, 342, 342, 342, 342, 370, 370, 370, 370, 370, 370, 370, 370, 370, 370, 370, 370, 342, 342, 342, 342, 342, 370, 370, 370, 370, 370, 370, 370, 370, 370, 370, 370, 370, 370, 370, 370, 370, 370, 370, 434, 434, 434, 342, 342, 342, 342, 342, 342, 342, 432, 432, 432, 432, 432, 432, 434, 434, 434, 370, 370, 370, 370, 370, 370, 434, 434, 434, 434, 434, 432, 432, 432, 432, 432, 432, 432, 434, 434, 434, 434, 434, 434, 434, 434, 434, 432, 432, 432, 432, 432, 61, 119, 61, 85, 215, 248] 
FO Weighted Sum = 155451.49999999965 
FO1 Normalizada = 310902.0 
FO2 Normalizada = 0.9999999992894892 
FO1             = 310902.0 
FO2             = 0.9999999992894892 
DMAX            = Any[2156.0, 2451.0, 1779.0, 2335.0, 1772.0, 1513.0, 1960.0, 1571.0, 1510.0, 2051.0, 1943.0, 1763.0, 2208.0, 1327.0, 1548.0] 
Archivo [2] 
C               = [0, 0, 0, 0, 0, 0, 0, 0, 0, 0, 0, 0, 0, 0, 0, 0, 0, 0, 0, 0, 0, 0, 0, 0, 0, 0, 0, 0, 0, 0, 0, 0, 0, 0, 0, 0, 0, 0, 0, 0, 0, 0, 0, 0, 0, 0, 0, 0, 0, 0, 0, 0, 0, 0, 0, 0, 0, 0, 0, 0, 1, 0, 0, 0, 0, 0, 0, 0, 0, 0, 0, 0, 0, 0, 0, 0, 0, 0, 0, 0, 0, 0, 0, 0, 1, 0, 0, 0, 0, 0, 0, 0, 0, 0, 0, 0, 1, 0, 0, 0, 0, 0, 0, 0, 0, 0, 0, 0, 0, 0, 0, 0, 0, 0, 0, 0, 0, 0, 1, 0, 0, 0, 0, 0, 0, 0, 0, 0, 0, 0, 0, 0, 0, 0, 0, 0, 0, 0, 0, 0, 0, 0, 0, 0, 0, 0, 0, 0, 0, 0, 0, 0, 0, 0, 0, 0, 0, 0, 1, 0, 0, 0, 0, 0, 0, 0, 0, 0, 0, 0, 0, 0, 0, 0, 0, 0, 0, 0, 0, 0, 0, 0, 0, 0, 0, 0, 0, 0, 0, 1, 0, 0, 0, 0, 0, 0, 0, 0, 0, 0, 0, 0, 0, 0, 0, 0, 0, 0, 0, 0, 0, 0, 0, 0, 1, 0, 1, 0, 0, 0, 0, 0, 0, 0, 0, 0, 0, 0, 0, 0, 0, 0, 0, 0, 0, 0, 0, 0, 0, 0, 0, 0, 0, 0, 0, 0, 0, 1, 0, 0, 0, 0, 0, 0, 0, 0, 0, 0, 0, 0, 0, 0, 0, 0, 0, 0, 0, 0, 0, 0, 0, 0, 0, 0, 0, 0, 0, 0, 0, 0, 0, 0, 0, 0, 0, 1, 0, 0, 0, 0, 0, 0, 0, 0, 0, 0, 0, 0, 0, 0, 0, 0, 0, 0, 0, 0, 0, 0, 0, 0, 0, 0, 0, 0, 0, 0, 0, 1, 0, 0, 0, 0, 0, 0, 0, 0, 0, 0, 0, 0, 0, 0, 0, 0, 0, 0, 0, 0, 0, 0, 0, 1, 0, 0, 0, 0, 0, 0, 0, 0, 0, 0, 0, 0, 0, 0, 0, 0, 0, 0, 0, 0, 0, 0, 0, 0, 0, 0, 0, 1, 0, 0, 0, 0, 0, 0, 0, 0, 0, 0, 0, 0, 0, 0, 0, 0, 0, 0, 0, 0, 0, 0, 0, 0, 0, 0, 0, 0, 0, 0, 0, 0, 0, 0, 0, 0, 0, 0, 0, 0, 0, 0, 0, 0, 1, 0, 0, 0, 0, 0, 0, 0, 0, 0, 0, 0, 0, 0, 0, 0, 0, 1, 0, 0, 0, 0, 0, 0, 0, 0, 0, 0, 0, 0, 0, 0, 0, 0, 0, 0, 0, 0] 
E               = [85, 248, 119, 248, 248, 85, 248, 85, 248, 119, 85, 85, 248, 248, 248, 248, 85, 85, 85, 119, 61, 248, 248, 248, 85, 119, 119, 61, 119, 85, 119, 61, 119, 119, 119, 61, 61, 61, 61, 119, 119, 61, 97, 61, 61, 61, 61, 119, 61, 61, 61, 97, 190, 61, 97, 61, 61, 61, 61, 61, 61, 61, 61, 61, 97, 190, 61, 61, 61, 61, 61, 190, 61, 61, 190, 61, 190, 190, 61, 61, 61, 97, 61, 61, 85, 85, 97, 97, 97, 97, 97, 97, 97, 97, 97, 97, 97, 119, 97, 97, 97, 97, 85, 97, 97, 97, 119, 119, 97, 97, 85, 119, 119, 119, 119, 119, 119, 119, 119, 119, 119, 119, 119, 119, 119, 119, 119, 119, 61, 119, 119, 119, 119, 61, 119, 61, 119, 119, 61, 159, 159, 61, 159, 159, 159, 61, 159, 159, 159, 61, 159, 61, 61, 61, 159, 159, 61, 159, 159, 85, 159, 159, 159, 159, 159, 190, 286, 286, 286, 190, 286, 286, 286, 85, 286, 85, 190, 190, 61, 61, 286, 286, 85, 190, 190, 190, 190, 190, 190, 190, 190, 217, 217, 248, 217, 215, 215, 215, 215, 217, 217, 215, 215, 215, 217, 215, 217, 217, 215, 215, 217, 217, 215, 215, 215, 215, 217, 217, 215, 215, 215, 215, 217, 217, 217, 217, 215, 215, 215, 215, 215, 217, 215, 217, 215, 215, 215, 215, 217, 215, 215, 215, 215, 215, 217, 248, 217, 248, 248, 248, 248, 248, 248, 85, 85, 85, 85, 190, 85, 119, 248, 97, 85, 85, 85, 85, 85, 85, 85, 119, 85, 85, 85, 85, 85, 159, 159, 318, 318, 159, 318, 318, 318, 286, 286, 286, 286, 286, 286, 286, 318, 318, 318, 318, 318, 318, 318, 318, 318, 318, 318, 318, 286, 286, 286, 286, 286, 286, 286, 286, 286, 286, 286, 286, 318, 318, 318, 318, 318, 318, 318, 318, 318, 318, 318, 370, 370, 286, 286, 286, 286, 370, 370, 370, 370, 318, 318, 342, 342, 342, 342, 342, 342, 342, 370, 370, 370, 370, 370, 370, 370, 370, 370, 370, 370, 370, 342, 342, 342, 342, 370, 370, 370, 370, 370, 370, 370, 370, 370, 370, 370, 370, 342, 342, 342, 342, 342, 415, 415, 415, 370, 370, 370, 370, 370, 370, 415, 415, 415, 415, 415, 415, 415, 415, 415, 415, 415, 415, 342, 342, 342, 342, 342, 342, 342, 432, 432, 432, 432, 432, 432, 432, 415, 415, 415, 415, 415, 415, 415, 415, 415, 415, 415, 415, 432, 432, 432, 432, 432, 432, 432, 432, 432, 432, 415, 415, 415, 415, 432, 432, 432, 432, 432, 432, 432, 432, 61, 119, 61, 85, 215, 248] 
FO Weighted Sum = 153715.49999999994 
FO1 Normalizada = 307430.0 
FO2 Normalizada = 0.9999999999190248 
FO1             = 307430.0 
FO2             = 0.9999999999190248 
DMAX            = Any[2156.0, 2451.0, 1779.0, 2335.0, 1772.0, 1513.0, 1960.0, 1571.0, 1510.0, 2051.0, 1943.0, 1763.0, 1953.0, 1975.0, 1836.0] 
