ITERACION 1 
Archivo [1] 
C               = [0, 0, 0, 0, 0, 0, 0, 0, 0, 0, 0, 0, 0, 0, 0, 0, 0, 0, 0, 0, 0, 0, 0, 0, 0, 0, 0, 0, 0, 0, 0, 0, 0, 0, 0, 0, 0, 0, 0, 0, 0, 0, 0, 0, 0, 0, 0, 0, 0, 0, 0, 0, 0, 0, 0, 0, 0, 0, 0, 0, 0, 0, 0, 0, 0, 0, 0, 0, 0, 0, 0, 0, 0, 0, 0, 0, 0, 0, 0, 0, 0, 0, 0, 0, 0, 0, 0, 0, 0, 0, 0, 0, 0, 0, 0, 0, 0, 0, 0, 0, 0, 0, 0, 0, 0, 0, 0, 0, 0, 0, 0, 0, 0, 1, 0, 0, 0, 0, 0, 0, 0, 0, 0, 0, 0, 1, 0, 0, 0, 0, 0, 0, 0, 0, 0, 0, 0, 0, 0, 0, 0, 0, 0, 0, 0, 0, 0, 0, 0, 1, 0, 0, 0, 0, 0, 0, 0, 0, 0, 0, 0, 0, 0, 0, 0, 0, 0, 0, 0, 0, 0, 0, 0, 0, 0, 0, 0, 0, 0, 0, 0, 0, 0, 0, 0, 0, 0, 0, 0, 0, 0, 0, 0, 0, 0, 0, 0, 0, 0, 1, 0, 0, 0, 0, 0, 1, 0, 0, 0, 0, 0, 0, 0, 0, 0, 0, 0, 0, 0, 0, 0, 0, 0, 0, 0, 0, 0, 0, 0, 0, 0, 0, 0, 0, 0, 0, 0, 0, 0, 0, 0, 0, 0, 0, 0, 0, 0, 0, 0, 0, 0, 0, 0, 0, 0, 0, 0, 1, 0, 0, 1, 1, 0, 0, 0, 0, 0, 0, 0, 0, 0, 0, 0, 0, 0, 0, 0, 0, 0, 1, 0, 0, 0, 0, 0, 0, 0, 0, 0, 0, 0, 0, 0, 0, 0, 0, 0, 0, 0, 0, 0, 0, 0, 0, 0, 0, 0, 0, 0, 0, 0, 0, 0, 0, 0, 0, 0, 0, 0, 0, 0, 0, 0, 0, 1, 0, 0, 0, 0, 0, 0, 0, 0, 0, 1, 0, 0, 0, 0, 0, 0, 0, 0, 0, 0, 0, 0, 0, 0, 0, 0, 0, 0, 0, 0, 1, 0, 0, 0, 0, 0, 0, 0, 0, 0, 0, 0, 1, 0, 0, 0, 0, 0, 0, 0, 0, 0, 0, 0, 0, 0, 0, 0, 0, 0, 0, 0, 0, 0, 0, 0, 0, 0, 0, 0, 0, 0, 0, 0, 0, 1, 0, 0, 0, 0, 0, 0, 0, 0, 0, 0, 0, 0, 0, 0, 0, 0, 0, 0, 0, 0, 0, 0, 0, 0, 0, 0, 0, 0, 0, 0, 0, 0, 0, 0, 0, 1, 0, 0, 0, 0, 0, 0, 0, 0, 0, 0, 0, 0, 0, 0, 0] 
E               = [261, 200, 114, 261, 126, 114, 261, 114, 126, 114, 114, 114, 258, 258, 261, 126, 126, 126, 126, 126, 261, 261, 261, 261, 126, 114, 126, 261, 114, 114, 114, 126, 126, 126, 126, 258, 261, 150, 126, 126, 114, 126, 262, 261, 258, 150, 150, 114, 261, 258, 150, 262, 258, 150, 262, 280, 258, 258, 280, 261, 150, 258, 150, 150, 262, 258, 258, 150, 150, 150, 150, 258, 258, 325, 258, 150, 258, 261, 258, 150, 150, 114, 150, 150, 126, 114, 262, 262, 262, 262, 262, 262, 262, 262, 262, 262, 262, 114, 114, 262, 262, 262, 261, 262, 262, 262, 114, 114, 262, 114, 261, 114, 114, 114, 114, 114, 114, 114, 114, 126, 126, 114, 126, 126, 126, 126, 126, 126, 126, 114, 126, 126, 126, 280, 126, 150, 126, 126, 150, 126, 280, 150, 126, 126, 150, 150, 150, 126, 150, 150, 150, 150, 150, 150, 150, 150, 280, 126, 150, 261, 150, 150, 150, 150, 150, 258, 258, 258, 150, 258, 258, 258, 258, 126, 150, 262, 258, 258, 150, 150, 258, 325, 261, 258, 258, 258, 258, 258, 258, 258, 258, 206, 206, 261, 261, 261, 206, 206, 200, 261, 258, 206, 206, 206, 261, 206, 258, 200, 206, 206, 200, 200, 206, 206, 206, 206, 258, 200, 206, 206, 206, 200, 200, 258, 258, 258, 206, 206, 206, 206, 261, 261, 206, 200, 206, 206, 206, 206, 261, 206, 206, 206, 206, 206, 261, 261, 258, 258, 261, 258, 200, 258, 261, 114, 261, 114, 261, 258, 114, 262, 261, 262, 114, 114, 114, 114, 262, 262, 262, 114, 114, 114, 262, 262, 114, 280, 280, 150, 280, 280, 280, 280, 280, 325, 258, 258, 258, 258, 325, 335, 325, 325, 280, 280, 280, 280, 280, 280, 325, 325, 325, 356, 335, 335, 368, 368, 335, 335, 335, 335, 335, 335, 335, 335, 335, 325, 325, 325, 280, 280, 325, 325, 325, 325, 325, 368, 335, 335, 335, 335, 335, 368, 335, 335, 335, 325, 325, 325, 325, 325, 325, 401, 325, 356, 335, 356, 335, 335, 335, 335, 368, 368, 368, 368, 356, 356, 356, 356, 325, 356, 368, 368, 368, 368, 368, 368, 368, 368, 368, 368, 368, 356, 356, 401, 401, 401, 401, 356, 356, 356, 368, 368, 368, 368, 368, 368, 368, 368, 368, 368, 368, 368, 437, 437, 356, 437, 401, 401, 401, 401, 401, 401, 401, 401, 401, 401, 401, 401, 401, 401, 401, 401, 437, 437, 437, 437, 368, 368, 437, 401, 437, 437, 437, 437, 401, 401, 437, 401, 401, 401, 401, 401, 437, 437, 437, 437, 437, 437, 437, 437, 437, 401, 401, 401, 401, 401, 261, 114, 258, 114, 200, 200] 
FO Weighted Sum = 0.11276336141091509 
FO1             = 0.08979680969450465 
FO2             = 0.135729913127325 
DMAX            = Any[2571.0, 3795.0, 2372.0, 3119.0, 2263.0, 4587.0, 4009.0, 2752.0, 3001.0, 3666.0, 1717.0, 2241.0, 2734.0, 2779.0, 2039.0] 
Archivo [2] 
C               = [0, 0, 0, 0, 0, 0, 0, 0, 0, 0, 0, 0, 0, 0, 0, 0, 0, 0, 0, 0, 0, 0, 0, 0, 0, 0, 0, 0, 0, 0, 0, 0, 0, 0, 0, 0, 0, 0, 0, 0, 0, 0, 0, 0, 0, 0, 0, 0, 0, 0, 0, 0, 0, 0, 0, 0, 0, 0, 0, 0, 0, 0, 0, 0, 0, 0, 0, 0, 0, 0, 0, 0, 0, 0, 0, 0, 0, 0, 0, 0, 0, 0, 0, 0, 0, 0, 0, 0, 0, 0, 0, 0, 0, 0, 0, 0, 0, 0, 0, 0, 0, 0, 0, 0, 0, 0, 0, 0, 0, 0, 0, 0, 0, 1, 0, 0, 0, 0, 0, 0, 0, 0, 0, 0, 0, 0, 0, 0, 0, 0, 0, 0, 0, 0, 0, 0, 0, 0, 0, 0, 0, 0, 0, 0, 0, 0, 0, 0, 0, 1, 0, 0, 0, 0, 0, 0, 0, 0, 0, 0, 0, 0, 0, 0, 0, 0, 0, 0, 0, 0, 0, 0, 0, 0, 0, 0, 0, 0, 0, 0, 0, 0, 0, 0, 0, 0, 0, 0, 0, 0, 0, 0, 0, 0, 0, 0, 0, 0, 0, 1, 0, 0, 0, 0, 0, 1, 0, 0, 0, 0, 0, 0, 0, 0, 0, 0, 0, 0, 0, 0, 0, 0, 0, 0, 0, 0, 0, 0, 0, 0, 0, 0, 0, 0, 0, 0, 0, 0, 0, 0, 0, 0, 0, 0, 0, 0, 0, 0, 0, 0, 0, 0, 0, 0, 0, 1, 0, 1, 0, 0, 1, 1, 0, 0, 0, 0, 0, 0, 0, 0, 0, 0, 0, 0, 0, 0, 0, 0, 0, 1, 0, 0, 0, 0, 0, 0, 0, 0, 0, 0, 0, 0, 0, 0, 0, 0, 0, 0, 0, 0, 0, 0, 0, 0, 0, 0, 0, 0, 0, 0, 0, 0, 0, 0, 0, 0, 0, 0, 0, 0, 0, 0, 0, 0, 1, 0, 0, 0, 0, 0, 0, 0, 0, 0, 1, 0, 0, 0, 0, 0, 0, 0, 0, 0, 0, 0, 0, 0, 0, 0, 0, 0, 0, 0, 0, 1, 0, 0, 0, 0, 0, 0, 0, 0, 0, 0, 0, 1, 0, 0, 0, 0, 0, 0, 0, 0, 0, 0, 0, 0, 0, 0, 0, 0, 0, 0, 0, 0, 0, 0, 0, 0, 0, 0, 0, 0, 0, 0, 0, 0, 1, 0, 0, 0, 0, 0, 0, 0, 0, 0, 0, 0, 0, 0, 0, 0, 0, 0, 0, 0, 0, 0, 0, 0, 0, 0, 0, 0, 0, 0, 0, 0, 0, 0, 0, 0, 1, 0, 0, 0, 0, 0, 0, 0, 0, 0, 0, 0, 0, 0, 0, 0] 
E               = [256, 200, 114, 256, 256, 256, 261, 114, 256, 256, 256, 256, 258, 258, 261, 258, 256, 114, 114, 114, 261, 261, 261, 261, 261, 114, 256, 258, 114, 256, 256, 258, 256, 261, 261, 258, 261, 150, 150, 261, 262, 261, 262, 261, 258, 150, 150, 114, 261, 258, 150, 262, 258, 150, 262, 280, 258, 258, 280, 261, 150, 258, 150, 150, 262, 258, 258, 150, 150, 150, 150, 258, 258, 325, 258, 150, 258, 261, 258, 150, 150, 114, 150, 150, 256, 114, 114, 262, 262, 262, 262, 262, 262, 262, 262, 114, 262, 114, 114, 262, 262, 262, 256, 262, 262, 262, 114, 114, 262, 114, 261, 114, 114, 114, 256, 114, 114, 114, 114, 114, 114, 114, 114, 114, 114, 114, 114, 114, 150, 114, 150, 114, 114, 280, 114, 150, 114, 114, 150, 150, 280, 150, 150, 150, 150, 150, 150, 150, 150, 150, 150, 150, 150, 150, 150, 150, 280, 150, 150, 256, 150, 150, 150, 150, 150, 258, 258, 258, 150, 258, 258, 258, 258, 256, 150, 256, 258, 258, 150, 150, 258, 325, 261, 258, 258, 258, 258, 258, 258, 258, 258, 206, 206, 261, 261, 261, 206, 206, 200, 261, 261, 206, 206, 206, 261, 206, 258, 200, 206, 206, 200, 200, 206, 206, 206, 206, 258, 200, 206, 206, 206, 200, 200, 258, 258, 258, 206, 206, 206, 206, 261, 261, 206, 200, 206, 206, 206, 206, 261, 206, 206, 206, 206, 206, 261, 261, 258, 256, 261, 258, 200, 258, 261, 256, 256, 256, 256, 258, 256, 262, 261, 262, 256, 256, 256, 256, 256, 262, 256, 256, 256, 256, 262, 256, 256, 280, 280, 150, 280, 280, 280, 280, 280, 325, 258, 258, 258, 258, 325, 335, 325, 325, 280, 280, 280, 280, 280, 280, 325, 325, 325, 356, 335, 335, 368, 368, 335, 335, 335, 335, 335, 335, 335, 335, 335, 325, 325, 325, 280, 280, 325, 325, 325, 325, 325, 368, 335, 335, 335, 335, 335, 368, 335, 335, 335, 325, 325, 325, 325, 325, 325, 401, 325, 356, 335, 356, 335, 335, 335, 335, 368, 368, 368, 368, 356, 356, 356, 356, 325, 356, 368, 368, 368, 368, 368, 368, 368, 368, 368, 368, 368, 356, 356, 401, 401, 401, 401, 356, 356, 356, 368, 368, 368, 368, 368, 368, 368, 368, 368, 368, 368, 368, 437, 437, 356, 437, 401, 401, 401, 401, 401, 401, 401, 401, 401, 401, 401, 401, 401, 401, 401, 401, 437, 437, 437, 437, 368, 368, 437, 401, 437, 437, 437, 437, 401, 401, 437, 401, 401, 401, 401, 401, 437, 437, 437, 437, 437, 437, 437, 437, 437, 401, 401, 401, 401, 401, 258, 114, 258, 256, 200, 200] 
FO Weighted Sum = 0.11137265648512679 
FO1             = 0.08701539984287807 
FO2             = 0.13572991312737506 
DMAX            = Any[2734.0, 2506.0, 3119.0, 2263.0, 2976.0, 4285.0, 3798.0, 2721.0, 3001.0, 3666.0, 1717.0, 2241.0, 2734.0, 2779.0, 2039.0] 
Archivo [3] 
C               = [0, 0, 0, 0, 0, 0, 0, 0, 0, 0, 0, 0, 0, 0, 0, 0, 0, 0, 0, 0, 0, 0, 0, 0, 0, 0, 0, 0, 0, 0, 0, 0, 0, 0, 0, 0, 0, 0, 0, 0, 0, 0, 0, 0, 0, 0, 0, 0, 0, 0, 0, 0, 0, 0, 0, 0, 0, 0, 0, 0, 0, 0, 0, 0, 0, 0, 0, 0, 0, 0, 0, 0, 0, 0, 0, 0, 0, 0, 0, 0, 0, 0, 0, 0, 0, 0, 0, 0, 0, 0, 0, 0, 0, 0, 0, 0, 0, 0, 0, 0, 0, 0, 0, 0, 0, 0, 0, 0, 0, 0, 0, 0, 0, 1, 0, 0, 0, 0, 0, 0, 0, 0, 0, 0, 0, 1, 0, 0, 0, 0, 0, 0, 0, 0, 0, 0, 0, 0, 0, 0, 0, 0, 0, 0, 0, 0, 0, 0, 0, 1, 0, 0, 0, 0, 0, 0, 0, 0, 0, 0, 0, 0, 0, 0, 0, 0, 0, 0, 0, 0, 0, 0, 0, 0, 0, 0, 0, 0, 0, 0, 0, 0, 0, 0, 0, 0, 0, 0, 0, 0, 0, 0, 0, 0, 0, 0, 0, 0, 0, 1, 0, 0, 0, 0, 0, 0, 0, 0, 0, 0, 0, 0, 0, 0, 0, 0, 0, 0, 0, 0, 0, 0, 0, 0, 0, 0, 0, 0, 1, 0, 0, 0, 0, 0, 0, 0, 0, 0, 0, 0, 0, 0, 0, 0, 0, 0, 0, 0, 0, 0, 0, 0, 0, 0, 0, 0, 0, 1, 0, 0, 1, 1, 0, 0, 0, 0, 0, 0, 0, 0, 0, 0, 0, 0, 0, 0, 0, 0, 0, 1, 0, 0, 0, 0, 0, 0, 0, 0, 0, 0, 0, 0, 0, 0, 0, 0, 0, 0, 0, 0, 0, 0, 0, 0, 0, 0, 0, 0, 0, 0, 0, 0, 0, 0, 0, 0, 0, 0, 0, 0, 0, 0, 0, 0, 1, 0, 0, 0, 0, 0, 0, 0, 0, 0, 1, 0, 0, 0, 0, 0, 0, 0, 0, 0, 0, 0, 0, 0, 0, 0, 0, 0, 0, 0, 0, 1, 0, 0, 0, 0, 0, 0, 0, 0, 0, 0, 0, 1, 0, 0, 0, 0, 0, 0, 0, 0, 0, 0, 0, 0, 0, 0, 0, 0, 0, 0, 0, 0, 0, 0, 0, 0, 0, 0, 0, 0, 0, 0, 0, 0, 1, 0, 0, 0, 0, 0, 0, 0, 0, 0, 0, 0, 0, 0, 0, 0, 0, 0, 0, 0, 0, 0, 0, 0, 0, 0, 0, 0, 0, 0, 0, 0, 0, 0, 0, 0, 1, 0, 0, 0, 0, 0, 0, 0, 0, 0, 0, 0, 0, 0, 0, 0] 
E               = [261, 200, 114, 261, 126, 114, 261, 114, 126, 114, 114, 114, 258, 258, 261, 126, 126, 126, 126, 126, 261, 261, 261, 261, 126, 114, 126, 261, 114, 114, 114, 126, 126, 126, 126, 258, 261, 150, 126, 126, 114, 126, 262, 261, 258, 150, 150, 114, 261, 258, 150, 262, 258, 150, 262, 280, 258, 258, 280, 261, 150, 258, 150, 150, 262, 258, 258, 150, 150, 150, 150, 258, 258, 325, 258, 150, 258, 261, 258, 150, 150, 114, 150, 150, 126, 114, 262, 262, 262, 262, 262, 262, 262, 262, 262, 262, 262, 114, 114, 262, 262, 262, 261, 262, 262, 262, 114, 114, 262, 114, 261, 114, 114, 114, 114, 114, 114, 114, 114, 126, 126, 114, 126, 126, 126, 126, 126, 126, 126, 114, 126, 126, 126, 280, 126, 150, 126, 126, 150, 126, 280, 150, 126, 126, 150, 150, 150, 126, 150, 150, 150, 150, 150, 150, 150, 150, 280, 126, 150, 261, 150, 150, 150, 150, 150, 258, 258, 258, 150, 258, 258, 258, 258, 126, 150, 262, 258, 258, 150, 150, 258, 325, 261, 258, 258, 258, 258, 258, 258, 258, 258, 229, 229, 261, 261, 261, 229, 229, 200, 261, 258, 200, 229, 200, 261, 229, 258, 200, 229, 229, 200, 200, 229, 229, 200, 229, 258, 200, 229, 229, 229, 200, 200, 258, 258, 258, 229, 229, 229, 229, 261, 261, 229, 200, 229, 229, 229, 229, 261, 229, 229, 200, 200, 200, 261, 261, 258, 258, 261, 258, 200, 258, 261, 114, 261, 114, 261, 258, 114, 262, 261, 262, 114, 114, 114, 114, 262, 262, 262, 114, 114, 114, 262, 262, 114, 280, 280, 150, 280, 280, 280, 280, 280, 325, 258, 258, 258, 258, 325, 335, 325, 325, 280, 280, 280, 280, 280, 280, 325, 325, 325, 356, 335, 335, 368, 368, 335, 335, 335, 335, 335, 335, 335, 335, 335, 325, 325, 325, 280, 280, 325, 325, 325, 325, 325, 368, 335, 335, 335, 335, 335, 368, 335, 335, 335, 325, 325, 325, 325, 325, 325, 401, 325, 356, 335, 356, 335, 335, 335, 335, 368, 368, 368, 368, 356, 356, 356, 356, 325, 356, 368, 368, 368, 368, 368, 368, 368, 368, 368, 368, 368, 356, 356, 401, 401, 401, 401, 356, 356, 356, 368, 368, 368, 368, 368, 368, 368, 368, 368, 368, 368, 368, 437, 437, 356, 437, 401, 401, 401, 401, 401, 401, 401, 401, 401, 401, 401, 401, 401, 401, 401, 401, 437, 437, 437, 437, 368, 368, 437, 401, 437, 437, 437, 437, 401, 401, 437, 401, 401, 401, 401, 401, 437, 437, 437, 437, 437, 437, 437, 437, 437, 401, 401, 401, 401, 401, 261, 114, 258, 114, 229, 200] 
FO Weighted Sum = 0.11259163605790501 
FO1             = 0.08945335898847007 
FO2             = 0.1357299131273393 
DMAX            = Any[2571.0, 3795.0, 2372.0, 3236.0, 2263.0, 4587.0, 4009.0, 2752.0, 3001.0, 3666.0, 1717.0, 2241.0, 2734.0, 2779.0, 2039.0] 
Archivo [4] 
C               = [0, 0, 0, 0, 0, 0, 0, 0, 0, 0, 0, 0, 0, 0, 0, 0, 0, 0, 0, 0, 0, 0, 0, 0, 0, 0, 0, 0, 0, 0, 0, 0, 0, 0, 0, 0, 0, 0, 0, 0, 0, 0, 0, 0, 0, 0, 0, 0, 0, 0, 0, 0, 0, 0, 0, 0, 0, 0, 0, 0, 0, 0, 0, 0, 0, 0, 0, 0, 0, 0, 0, 0, 0, 0, 0, 0, 0, 0, 0, 0, 0, 0, 0, 0, 0, 0, 0, 0, 0, 0, 0, 0, 0, 0, 0, 0, 0, 0, 0, 0, 0, 0, 0, 0, 0, 0, 0, 0, 0, 0, 0, 0, 0, 1, 0, 0, 0, 0, 0, 0, 0, 0, 0, 0, 0, 1, 0, 0, 0, 0, 1, 0, 0, 0, 0, 0, 0, 0, 0, 0, 0, 0, 0, 0, 0, 0, 0, 0, 0, 1, 0, 0, 0, 0, 0, 0, 0, 0, 0, 0, 0, 0, 0, 0, 0, 0, 0, 0, 0, 0, 0, 0, 0, 0, 0, 0, 0, 0, 0, 0, 0, 0, 0, 0, 0, 0, 0, 0, 0, 0, 0, 0, 0, 0, 0, 0, 0, 0, 0, 1, 0, 0, 0, 0, 0, 1, 0, 0, 0, 0, 0, 0, 0, 0, 0, 0, 0, 0, 0, 0, 0, 0, 0, 0, 0, 0, 0, 0, 0, 0, 0, 0, 0, 0, 0, 0, 0, 0, 0, 0, 0, 0, 0, 0, 0, 0, 0, 0, 0, 0, 0, 0, 0, 0, 0, 0, 0, 1, 0, 0, 1, 1, 0, 0, 0, 0, 0, 0, 0, 0, 0, 0, 0, 0, 0, 0, 0, 0, 0, 0, 0, 0, 0, 0, 0, 0, 0, 0, 0, 0, 0, 0, 0, 0, 0, 0, 0, 0, 0, 0, 0, 0, 0, 0, 0, 0, 0, 0, 0, 0, 0, 0, 0, 0, 0, 0, 0, 0, 0, 0, 0, 0, 0, 0, 1, 0, 0, 0, 0, 0, 0, 0, 0, 0, 1, 0, 0, 0, 0, 0, 0, 0, 0, 0, 0, 0, 0, 0, 0, 0, 0, 0, 0, 0, 0, 1, 0, 0, 0, 0, 0, 0, 0, 0, 0, 0, 0, 1, 0, 0, 0, 0, 0, 0, 0, 0, 0, 0, 0, 0, 0, 0, 0, 0, 0, 0, 0, 0, 0, 0, 0, 0, 0, 0, 0, 0, 0, 0, 0, 0, 1, 0, 0, 0, 0, 0, 0, 0, 0, 0, 0, 0, 0, 0, 0, 0, 0, 0, 0, 0, 0, 0, 0, 0, 0, 0, 0, 0, 0, 0, 0, 0, 0, 0, 0, 0, 1, 0, 0, 0, 0, 0, 0, 0, 0, 0, 0, 0, 0, 0, 0, 0] 
E               = [261, 200, 114, 261, 126, 114, 261, 114, 126, 114, 114, 114, 258, 258, 261, 126, 126, 126, 126, 126, 261, 261, 261, 261, 126, 114, 126, 261, 114, 114, 114, 126, 114, 126, 126, 258, 261, 150, 131, 126, 114, 126, 262, 261, 258, 150, 150, 114, 261, 258, 150, 262, 258, 150, 262, 150, 258, 258, 150, 261, 150, 258, 150, 150, 262, 258, 258, 150, 150, 150, 150, 258, 258, 325, 258, 150, 258, 261, 258, 150, 150, 114, 150, 150, 126, 114, 262, 262, 262, 262, 262, 262, 262, 262, 262, 262, 262, 114, 114, 262, 262, 262, 261, 262, 262, 262, 114, 114, 262, 114, 261, 114, 114, 114, 114, 114, 114, 114, 114, 126, 126, 114, 126, 126, 126, 126, 126, 131, 131, 131, 131, 131, 131, 150, 126, 131, 131, 131, 150, 131, 150, 150, 131, 131, 131, 150, 131, 131, 150, 150, 150, 150, 150, 150, 150, 150, 325, 131, 150, 261, 150, 150, 150, 150, 150, 258, 258, 258, 150, 258, 258, 258, 258, 126, 150, 262, 258, 258, 150, 150, 258, 325, 261, 258, 258, 258, 258, 258, 258, 258, 258, 206, 206, 261, 261, 261, 206, 206, 200, 261, 258, 206, 206, 206, 261, 206, 258, 200, 206, 206, 200, 200, 206, 206, 206, 206, 258, 200, 206, 206, 206, 200, 200, 258, 258, 258, 206, 206, 206, 206, 261, 261, 206, 200, 206, 206, 206, 206, 261, 206, 206, 206, 206, 206, 261, 261, 258, 258, 261, 258, 200, 258, 261, 114, 261, 114, 261, 258, 114, 262, 261, 262, 114, 114, 114, 114, 262, 262, 262, 114, 114, 114, 262, 262, 114, 150, 150, 150, 150, 150, 150, 150, 325, 325, 258, 258, 258, 258, 325, 335, 325, 325, 150, 325, 150, 150, 150, 150, 325, 325, 325, 356, 335, 335, 368, 368, 335, 335, 335, 335, 335, 335, 335, 335, 335, 325, 325, 325, 150, 325, 325, 325, 325, 325, 325, 368, 335, 335, 335, 335, 335, 368, 335, 335, 335, 325, 325, 325, 325, 325, 325, 401, 325, 356, 335, 356, 335, 335, 335, 335, 368, 368, 368, 368, 356, 356, 356, 356, 325, 356, 368, 368, 368, 368, 368, 368, 368, 368, 368, 368, 368, 356, 356, 401, 401, 401, 401, 356, 356, 356, 368, 368, 368, 368, 368, 368, 368, 368, 368, 368, 368, 368, 437, 437, 356, 437, 401, 401, 401, 401, 401, 401, 401, 401, 401, 401, 401, 401, 401, 401, 401, 401, 437, 437, 437, 437, 368, 368, 437, 401, 437, 437, 437, 437, 401, 401, 437, 401, 401, 401, 401, 401, 437, 437, 437, 437, 437, 437, 437, 437, 437, 401, 401, 401, 401, 401, 261, 114, 258, 114, 200, 200] 
FO Weighted Sum = 0.0886155861146199 
FO1             = 0.09358896522629209 
FO2             = 0.08364220700294757 
DMAX            = Any[2661.0, 2529.0, 2058.0, 3333.0, 3119.0, 2263.0, 4587.0, 4009.0, 2752.0, 3666.0, 1717.0, 2241.0, 2734.0, 2779.0, 2039.0] 
ITERACION 2 
Archivo [1] 
C               = [0, 0, 0, 0, 0, 0, 0, 0, 0, 0, 0, 0, 0, 0, 0, 0, 0, 0, 0, 0, 0, 0, 0, 0, 0, 0, 0, 0, 0, 0, 0, 0, 0, 0, 0, 0, 0, 0, 0, 0, 0, 0, 0, 0, 0, 0, 0, 0, 0, 0, 0, 0, 0, 0, 0, 0, 0, 0, 0, 0, 0, 0, 0, 0, 0, 0, 0, 0, 0, 0, 0, 0, 0, 0, 0, 0, 0, 0, 0, 0, 0, 0, 0, 0, 0, 0, 0, 0, 0, 0, 0, 0, 0, 0, 0, 0, 0, 0, 0, 0, 0, 0, 0, 0, 0, 0, 0, 0, 0, 0, 0, 0, 0, 1, 0, 0, 0, 0, 0, 0, 0, 0, 0, 0, 0, 1, 0, 0, 0, 0, 1, 0, 0, 0, 0, 0, 0, 0, 0, 0, 0, 0, 0, 0, 0, 0, 0, 0, 0, 1, 0, 0, 0, 0, 0, 0, 0, 0, 0, 0, 0, 0, 0, 0, 0, 0, 0, 0, 0, 0, 0, 0, 0, 0, 0, 0, 0, 0, 0, 0, 0, 0, 0, 0, 0, 0, 0, 0, 0, 0, 0, 0, 0, 0, 0, 0, 0, 0, 0, 1, 0, 0, 0, 0, 0, 1, 0, 0, 0, 0, 0, 0, 0, 0, 0, 0, 0, 0, 0, 0, 0, 0, 0, 0, 0, 0, 0, 0, 0, 0, 0, 0, 0, 0, 0, 0, 0, 0, 0, 0, 0, 0, 0, 0, 0, 0, 0, 0, 0, 0, 0, 0, 0, 0, 0, 0, 0, 1, 0, 0, 1, 1, 0, 0, 0, 0, 0, 0, 0, 0, 0, 0, 0, 0, 0, 0, 0, 0, 0, 0, 0, 0, 0, 0, 0, 0, 0, 0, 0, 0, 0, 0, 0, 0, 0, 0, 0, 0, 0, 0, 0, 0, 0, 0, 0, 0, 0, 0, 0, 0, 0, 0, 0, 0, 0, 0, 0, 0, 0, 0, 0, 0, 0, 0, 1, 0, 0, 0, 0, 0, 0, 0, 0, 0, 1, 0, 0, 0, 0, 0, 0, 0, 0, 0, 0, 0, 0, 0, 0, 0, 0, 0, 0, 0, 0, 1, 0, 0, 0, 0, 0, 0, 0, 0, 0, 0, 0, 1, 0, 0, 0, 0, 0, 0, 0, 0, 0, 0, 0, 0, 0, 0, 0, 0, 0, 0, 0, 0, 0, 0, 0, 0, 0, 0, 0, 0, 0, 0, 0, 0, 1, 0, 0, 0, 0, 0, 0, 0, 0, 0, 0, 0, 0, 0, 0, 0, 0, 0, 0, 0, 0, 0, 0, 0, 0, 0, 0, 0, 0, 0, 0, 0, 0, 0, 0, 0, 1, 0, 0, 0, 0, 0, 0, 0, 0, 0, 0, 0, 0, 0, 0, 0] 
E               = [261, 200, 114, 261, 126, 114, 261, 114, 126, 114, 114, 114, 258, 258, 261, 126, 126, 126, 126, 126, 261, 261, 261, 261, 126, 114, 126, 261, 114, 114, 114, 126, 114, 126, 126, 258, 261, 150, 131, 126, 114, 126, 262, 261, 258, 150, 150, 114, 261, 258, 150, 262, 258, 150, 262, 150, 258, 258, 150, 261, 150, 258, 150, 150, 262, 258, 258, 150, 150, 150, 150, 258, 258, 325, 258, 150, 258, 261, 258, 150, 150, 114, 150, 150, 126, 114, 262, 262, 262, 262, 262, 262, 262, 262, 262, 262, 262, 114, 114, 262, 262, 262, 261, 262, 262, 262, 114, 114, 262, 114, 261, 114, 114, 114, 114, 114, 114, 114, 114, 126, 126, 114, 126, 126, 126, 126, 126, 131, 131, 131, 131, 131, 131, 150, 126, 131, 131, 131, 150, 131, 150, 150, 131, 131, 131, 150, 131, 131, 150, 150, 150, 150, 150, 150, 150, 150, 325, 131, 150, 261, 150, 150, 150, 150, 150, 258, 258, 258, 150, 258, 258, 258, 258, 126, 150, 262, 258, 258, 150, 150, 258, 325, 261, 258, 258, 258, 258, 258, 258, 258, 258, 206, 206, 261, 261, 261, 206, 206, 200, 261, 258, 206, 206, 206, 261, 206, 258, 200, 206, 206, 200, 200, 206, 206, 206, 206, 258, 200, 206, 206, 206, 200, 200, 258, 258, 258, 206, 206, 206, 206, 261, 261, 206, 200, 206, 206, 206, 206, 261, 206, 206, 206, 206, 206, 261, 261, 258, 258, 261, 258, 200, 258, 261, 114, 261, 114, 261, 258, 114, 262, 261, 262, 114, 114, 114, 114, 262, 262, 262, 114, 114, 114, 262, 262, 114, 150, 150, 150, 150, 150, 150, 150, 325, 325, 258, 258, 258, 258, 325, 335, 325, 325, 150, 325, 150, 150, 150, 150, 325, 325, 325, 356, 335, 335, 368, 368, 335, 335, 335, 335, 335, 335, 335, 335, 335, 325, 325, 325, 150, 325, 325, 325, 325, 325, 325, 368, 335, 335, 335, 335, 335, 368, 335, 335, 335, 325, 325, 325, 325, 325, 325, 401, 325, 356, 335, 356, 335, 335, 335, 335, 368, 368, 368, 368, 356, 356, 356, 356, 325, 356, 368, 368, 368, 368, 368, 368, 368, 368, 368, 368, 368, 356, 356, 401, 401, 401, 401, 356, 356, 356, 368, 368, 368, 368, 368, 368, 368, 368, 368, 368, 368, 368, 437, 437, 356, 437, 401, 401, 401, 401, 401, 401, 401, 401, 401, 401, 401, 401, 401, 401, 401, 401, 437, 437, 437, 437, 368, 368, 437, 401, 437, 437, 437, 437, 401, 401, 437, 401, 401, 401, 401, 401, 437, 437, 437, 437, 437, 437, 437, 437, 437, 401, 401, 401, 401, 401, 261, 114, 258, 114, 200, 200] 
FO Weighted Sum = 0.0886155861146199 
FO1             = 0.09358896522629209 
FO2             = 0.08364220700294757 
DMAX            = Any[2661.0, 2529.0, 2058.0, 3333.0, 3119.0, 2263.0, 4587.0, 4009.0, 2752.0, 3666.0, 1717.0, 2241.0, 2734.0, 2779.0, 2039.0] 
Archivo [2] 
C               = [0, 0, 0, 0, 0, 0, 0, 0, 0, 0, 0, 0, 0, 0, 0, 0, 0, 0, 0, 0, 0, 0, 0, 0, 0, 0, 0, 0, 0, 0, 0, 0, 0, 0, 0, 0, 0, 0, 0, 0, 0, 0, 0, 0, 0, 0, 0, 0, 0, 0, 0, 0, 0, 0, 0, 0, 0, 0, 0, 0, 0, 0, 0, 0, 0, 0, 0, 0, 0, 0, 0, 0, 0, 0, 0, 0, 0, 0, 0, 0, 1, 0, 0, 0, 0, 0, 0, 0, 0, 0, 0, 0, 0, 0, 0, 0, 0, 0, 0, 0, 0, 0, 0, 0, 0, 0, 0, 0, 0, 0, 0, 0, 0, 1, 0, 0, 0, 0, 0, 0, 0, 0, 0, 0, 0, 1, 0, 0, 0, 0, 0, 0, 0, 0, 0, 0, 0, 0, 0, 0, 0, 0, 0, 0, 0, 0, 0, 0, 0, 0, 0, 0, 0, 0, 0, 0, 0, 0, 0, 0, 0, 0, 0, 0, 0, 0, 0, 0, 0, 0, 0, 0, 0, 0, 0, 0, 0, 0, 0, 0, 0, 0, 0, 0, 0, 0, 0, 0, 0, 0, 0, 0, 0, 0, 0, 0, 0, 0, 0, 1, 0, 0, 0, 0, 0, 0, 0, 0, 0, 0, 0, 0, 0, 0, 0, 0, 0, 0, 0, 0, 0, 0, 0, 0, 0, 0, 0, 0, 1, 0, 0, 0, 0, 0, 0, 0, 0, 0, 0, 0, 0, 0, 0, 0, 0, 0, 0, 0, 0, 0, 0, 0, 0, 0, 0, 0, 0, 1, 0, 0, 1, 1, 0, 0, 0, 0, 0, 0, 0, 0, 0, 0, 0, 0, 0, 0, 0, 0, 0, 1, 0, 0, 0, 0, 0, 0, 0, 0, 0, 0, 0, 0, 0, 0, 0, 0, 0, 0, 0, 0, 0, 0, 0, 0, 0, 0, 0, 0, 0, 0, 0, 0, 0, 0, 0, 0, 0, 0, 0, 0, 0, 0, 0, 0, 1, 0, 0, 0, 0, 0, 0, 0, 0, 0, 1, 0, 0, 0, 0, 0, 0, 0, 0, 0, 0, 0, 0, 0, 0, 0, 0, 0, 0, 0, 0, 1, 0, 0, 0, 0, 0, 0, 0, 0, 0, 0, 0, 1, 0, 0, 0, 0, 0, 0, 0, 0, 0, 0, 0, 0, 0, 0, 0, 0, 0, 0, 0, 0, 0, 0, 0, 0, 0, 0, 0, 0, 0, 0, 0, 0, 1, 0, 0, 0, 0, 0, 0, 0, 0, 0, 0, 0, 0, 0, 0, 0, 0, 0, 0, 0, 0, 0, 0, 0, 0, 0, 0, 0, 0, 0, 0, 0, 0, 0, 0, 0, 1, 0, 0, 0, 0, 0, 0, 0, 0, 0, 0, 0, 0, 0, 0, 0] 
E               = [261, 200, 114, 126, 126, 114, 261, 114, 126, 114, 114, 114, 258, 258, 261, 126, 126, 126, 126, 126, 261, 261, 261, 261, 126, 114, 126, 261, 114, 114, 114, 126, 126, 261, 126, 258, 261, 81, 126, 126, 114, 126, 262, 261, 258, 81, 280, 114, 261, 258, 81, 262, 258, 81, 262, 280, 258, 258, 280, 261, 81, 258, 81, 81, 262, 258, 258, 81, 81, 81, 81, 258, 258, 81, 258, 81, 258, 261, 81, 81, 81, 114, 81, 81, 126, 114, 262, 262, 262, 262, 262, 262, 262, 262, 262, 262, 262, 114, 114, 262, 262, 262, 261, 262, 262, 262, 114, 114, 262, 114, 261, 114, 114, 114, 114, 114, 114, 114, 114, 126, 126, 114, 126, 126, 126, 126, 126, 126, 126, 114, 126, 126, 126, 280, 126, 126, 126, 126, 280, 126, 280, 81, 126, 126, 126, 81, 126, 126, 280, 81, 81, 81, 81, 81, 81, 81, 81, 126, 280, 261, 81, 81, 126, 81, 280, 258, 258, 258, 81, 258, 81, 258, 81, 126, 81, 262, 258, 258, 81, 81, 81, 325, 261, 258, 258, 258, 258, 258, 258, 258, 258, 229, 229, 261, 261, 261, 229, 229, 200, 261, 261, 200, 229, 200, 261, 229, 258, 200, 229, 229, 200, 200, 229, 229, 200, 229, 258, 200, 229, 229, 229, 200, 200, 258, 258, 258, 229, 229, 229, 229, 261, 261, 229, 200, 229, 229, 229, 229, 261, 229, 229, 200, 200, 200, 200, 261, 258, 261, 261, 258, 200, 261, 261, 114, 261, 114, 261, 258, 114, 262, 261, 262, 114, 114, 114, 114, 262, 262, 262, 114, 114, 114, 262, 262, 114, 280, 280, 81, 81, 280, 280, 280, 81, 325, 81, 258, 258, 258, 81, 325, 81, 325, 81, 280, 280, 280, 280, 280, 325, 325, 325, 356, 335, 335, 368, 368, 335, 335, 335, 335, 335, 335, 335, 335, 335, 325, 325, 325, 280, 280, 325, 325, 325, 325, 325, 368, 335, 81, 335, 335, 335, 368, 335, 335, 335, 325, 325, 325, 325, 325, 325, 401, 325, 356, 335, 356, 335, 335, 335, 335, 368, 368, 368, 368, 356, 356, 356, 356, 325, 356, 368, 368, 368, 368, 368, 368, 368, 368, 368, 368, 368, 356, 356, 401, 401, 401, 401, 356, 356, 356, 368, 368, 368, 368, 368, 368, 368, 368, 368, 368, 368, 368, 437, 437, 356, 437, 401, 401, 401, 401, 401, 401, 401, 401, 401, 401, 401, 401, 401, 401, 401, 401, 437, 437, 437, 437, 368, 368, 437, 401, 437, 437, 437, 437, 401, 401, 437, 401, 401, 401, 401, 401, 437, 437, 437, 437, 437, 437, 437, 437, 437, 401, 401, 401, 401, 401, 258, 114, 258, 114, 229, 200] 
FO Weighted Sum = 0.08634967580332287 
FO1             = 0.0849844433056184 
FO2             = 0.08771490830102761 
DMAX            = Any[3436.0, 2571.0, 4026.0, 3236.0, 2263.0, 4285.0, 4009.0, 2752.0, 3219.0, 2755.0, 1717.0, 2241.0, 2734.0, 2779.0, 2039.0] 
ITERACION 3 
Archivo [1] 
C               = [0, 0, 0, 0, 0, 0, 0, 0, 0, 0, 0, 0, 0, 0, 0, 0, 0, 0, 0, 0, 0, 0, 0, 0, 0, 0, 0, 0, 0, 0, 0, 0, 0, 0, 0, 0, 0, 0, 0, 0, 0, 0, 0, 0, 0, 0, 0, 0, 0, 0, 0, 0, 0, 0, 0, 0, 0, 0, 0, 0, 0, 0, 0, 0, 0, 0, 0, 0, 0, 0, 0, 0, 0, 0, 0, 0, 0, 0, 0, 0, 0, 0, 0, 0, 0, 0, 0, 0, 0, 0, 0, 0, 0, 0, 0, 0, 0, 0, 0, 0, 0, 0, 0, 0, 0, 0, 0, 0, 0, 0, 0, 0, 0, 1, 0, 0, 0, 0, 0, 0, 0, 0, 0, 0, 0, 1, 0, 0, 0, 0, 1, 0, 0, 0, 0, 0, 0, 0, 0, 0, 0, 0, 0, 0, 0, 0, 0, 0, 0, 1, 0, 0, 0, 0, 0, 0, 0, 0, 0, 0, 0, 0, 0, 0, 0, 0, 0, 0, 0, 0, 0, 0, 0, 0, 0, 0, 0, 0, 0, 0, 0, 0, 0, 0, 0, 0, 0, 0, 0, 0, 0, 0, 0, 0, 0, 0, 0, 0, 0, 1, 0, 0, 0, 0, 0, 1, 0, 0, 0, 0, 0, 0, 0, 0, 0, 0, 0, 0, 0, 0, 0, 0, 0, 0, 0, 0, 0, 0, 0, 0, 0, 0, 0, 0, 0, 0, 0, 0, 0, 0, 0, 0, 0, 0, 0, 0, 0, 0, 0, 0, 0, 0, 0, 0, 0, 0, 0, 1, 0, 0, 1, 1, 0, 0, 0, 0, 0, 0, 0, 0, 0, 0, 0, 0, 0, 0, 0, 0, 0, 0, 0, 0, 0, 0, 0, 0, 0, 0, 0, 0, 0, 0, 0, 0, 0, 0, 0, 0, 0, 0, 0, 0, 0, 0, 0, 0, 0, 0, 0, 0, 0, 0, 0, 0, 0, 0, 0, 0, 0, 0, 0, 0, 0, 0, 1, 0, 0, 0, 0, 0, 0, 0, 0, 0, 1, 0, 0, 0, 0, 0, 0, 0, 0, 0, 0, 0, 0, 0, 0, 0, 0, 0, 0, 0, 0, 1, 0, 0, 0, 0, 0, 0, 0, 0, 0, 0, 0, 1, 0, 0, 0, 0, 0, 0, 0, 0, 0, 0, 0, 0, 0, 0, 0, 0, 0, 0, 0, 0, 0, 0, 0, 0, 0, 0, 0, 0, 0, 0, 0, 0, 1, 0, 0, 0, 0, 0, 0, 0, 0, 0, 0, 0, 0, 0, 0, 0, 0, 0, 0, 0, 0, 0, 0, 0, 0, 0, 0, 0, 0, 0, 0, 0, 0, 0, 0, 0, 1, 0, 0, 0, 0, 0, 0, 0, 0, 0, 0, 0, 0, 0, 0, 0] 
E               = [261, 200, 114, 261, 126, 114, 261, 114, 126, 114, 114, 114, 258, 258, 261, 126, 126, 126, 126, 126, 261, 261, 261, 261, 126, 114, 126, 261, 114, 114, 114, 126, 114, 126, 126, 258, 261, 150, 131, 126, 114, 126, 262, 261, 258, 150, 150, 114, 261, 258, 150, 262, 258, 150, 262, 150, 258, 258, 150, 261, 150, 258, 150, 150, 262, 258, 258, 150, 150, 150, 150, 258, 258, 325, 258, 150, 258, 261, 258, 150, 150, 114, 150, 150, 126, 114, 262, 262, 262, 262, 262, 262, 262, 262, 262, 262, 262, 114, 114, 262, 262, 262, 261, 262, 262, 262, 114, 114, 262, 114, 261, 114, 114, 114, 114, 114, 114, 114, 114, 126, 126, 114, 126, 126, 126, 126, 126, 131, 131, 131, 131, 131, 131, 150, 126, 131, 131, 131, 150, 131, 150, 150, 131, 131, 131, 150, 131, 131, 150, 150, 150, 150, 150, 150, 150, 150, 325, 131, 150, 261, 150, 150, 150, 150, 150, 258, 258, 258, 150, 258, 258, 258, 258, 126, 150, 262, 258, 258, 150, 150, 258, 325, 261, 258, 258, 258, 258, 258, 258, 258, 258, 206, 206, 261, 261, 261, 206, 206, 200, 261, 258, 206, 206, 206, 261, 206, 258, 200, 206, 206, 200, 200, 206, 206, 206, 206, 258, 200, 206, 206, 206, 200, 200, 258, 258, 258, 206, 206, 206, 206, 261, 261, 206, 200, 206, 206, 206, 206, 261, 206, 206, 206, 206, 206, 261, 261, 258, 258, 261, 258, 200, 258, 261, 114, 261, 114, 261, 258, 114, 262, 261, 262, 114, 114, 114, 114, 262, 262, 262, 114, 114, 114, 262, 262, 114, 150, 150, 150, 150, 150, 150, 150, 325, 325, 258, 258, 258, 258, 325, 335, 325, 325, 150, 325, 150, 150, 150, 150, 325, 325, 325, 356, 335, 335, 368, 368, 335, 335, 335, 335, 335, 335, 335, 335, 335, 325, 325, 325, 150, 325, 325, 325, 325, 325, 325, 368, 335, 335, 335, 335, 335, 368, 335, 335, 335, 325, 325, 325, 325, 325, 325, 401, 325, 356, 335, 356, 335, 335, 335, 335, 368, 368, 368, 368, 356, 356, 356, 356, 325, 356, 368, 368, 368, 368, 368, 368, 368, 368, 368, 368, 368, 356, 356, 401, 401, 401, 401, 356, 356, 356, 368, 368, 368, 368, 368, 368, 368, 368, 368, 368, 368, 368, 437, 437, 356, 437, 401, 401, 401, 401, 401, 401, 401, 401, 401, 401, 401, 401, 401, 401, 401, 401, 437, 437, 437, 437, 368, 368, 437, 401, 437, 437, 437, 437, 401, 401, 437, 401, 401, 401, 401, 401, 437, 437, 437, 437, 437, 437, 437, 437, 437, 401, 401, 401, 401, 401, 261, 114, 258, 114, 200, 200] 
FO Weighted Sum = 0.0886155861146199 
FO1             = 0.09358896522629209 
FO2             = 0.08364220700294757 
DMAX            = Any[2661.0, 2529.0, 2058.0, 3333.0, 3119.0, 2263.0, 4587.0, 4009.0, 2752.0, 3666.0, 1717.0, 2241.0, 2734.0, 2779.0, 2039.0] 
Archivo [2] 
C               = [0, 0, 0, 0, 0, 0, 0, 0, 0, 0, 0, 0, 0, 0, 0, 0, 0, 0, 0, 0, 0, 0, 0, 0, 0, 0, 0, 0, 0, 0, 0, 0, 0, 0, 0, 0, 0, 0, 0, 0, 0, 0, 0, 0, 0, 0, 0, 0, 0, 0, 0, 0, 0, 0, 0, 0, 0, 0, 0, 0, 0, 0, 0, 0, 0, 0, 0, 0, 0, 0, 0, 0, 0, 0, 0, 0, 0, 0, 0, 0, 1, 0, 0, 0, 0, 0, 0, 0, 0, 0, 0, 0, 0, 0, 0, 0, 0, 0, 0, 0, 0, 0, 0, 0, 0, 0, 0, 0, 0, 0, 0, 0, 0, 1, 0, 0, 0, 0, 0, 0, 0, 0, 0, 0, 0, 1, 0, 0, 0, 0, 0, 0, 0, 0, 0, 0, 0, 0, 0, 0, 0, 0, 0, 0, 0, 0, 0, 0, 0, 0, 0, 0, 0, 0, 0, 0, 0, 0, 0, 0, 0, 0, 0, 0, 0, 0, 0, 0, 0, 0, 0, 0, 0, 0, 0, 0, 0, 0, 0, 0, 0, 0, 0, 0, 0, 0, 0, 0, 0, 0, 0, 0, 0, 0, 0, 0, 0, 0, 0, 1, 0, 0, 0, 0, 0, 0, 0, 0, 0, 0, 0, 0, 0, 0, 0, 0, 0, 0, 0, 0, 0, 0, 0, 0, 0, 0, 0, 0, 1, 0, 0, 0, 0, 0, 0, 0, 0, 0, 0, 0, 0, 0, 0, 0, 0, 0, 0, 0, 0, 0, 0, 0, 0, 0, 0, 0, 0, 1, 0, 0, 1, 1, 0, 0, 0, 0, 0, 0, 0, 0, 0, 0, 0, 0, 0, 0, 0, 0, 0, 1, 0, 0, 0, 0, 0, 0, 0, 0, 0, 0, 0, 0, 0, 0, 0, 0, 0, 0, 0, 0, 0, 0, 0, 0, 0, 0, 0, 0, 0, 0, 0, 0, 0, 0, 0, 0, 0, 0, 0, 0, 0, 0, 0, 0, 1, 0, 0, 0, 0, 0, 0, 0, 0, 0, 1, 0, 0, 0, 0, 0, 0, 0, 0, 0, 0, 0, 0, 0, 0, 0, 0, 0, 0, 0, 0, 1, 0, 0, 0, 0, 0, 0, 0, 0, 0, 0, 0, 1, 0, 0, 0, 0, 0, 0, 0, 0, 0, 0, 0, 0, 0, 0, 0, 0, 0, 0, 0, 0, 0, 0, 0, 0, 0, 0, 0, 0, 0, 0, 0, 0, 1, 0, 0, 0, 0, 0, 0, 0, 0, 0, 0, 0, 0, 0, 0, 0, 0, 0, 0, 0, 0, 0, 0, 0, 0, 0, 0, 0, 0, 0, 0, 0, 0, 0, 0, 0, 1, 0, 0, 0, 0, 0, 0, 0, 0, 0, 0, 0, 0, 0, 0, 0] 
E               = [261, 200, 114, 126, 126, 114, 261, 114, 126, 114, 114, 114, 258, 258, 261, 126, 126, 126, 126, 126, 261, 261, 261, 261, 126, 114, 126, 261, 114, 114, 114, 126, 126, 261, 126, 258, 261, 81, 126, 126, 114, 126, 262, 261, 258, 81, 280, 114, 261, 258, 81, 262, 258, 81, 262, 280, 258, 258, 280, 261, 81, 258, 81, 81, 262, 258, 258, 81, 81, 81, 81, 258, 258, 81, 258, 81, 258, 261, 81, 81, 81, 114, 81, 81, 126, 114, 262, 262, 262, 262, 262, 262, 262, 262, 262, 262, 262, 114, 114, 262, 262, 262, 261, 262, 262, 262, 114, 114, 262, 114, 261, 114, 114, 114, 114, 114, 114, 114, 114, 126, 126, 114, 126, 126, 126, 126, 126, 126, 126, 114, 126, 126, 126, 280, 126, 126, 126, 126, 280, 126, 280, 81, 126, 126, 126, 81, 126, 126, 280, 81, 81, 81, 81, 81, 81, 81, 81, 126, 280, 261, 81, 81, 126, 81, 280, 258, 258, 258, 81, 258, 81, 258, 81, 126, 81, 262, 258, 258, 81, 81, 81, 325, 261, 258, 258, 258, 258, 258, 258, 258, 258, 229, 229, 261, 261, 261, 229, 229, 200, 261, 261, 200, 229, 200, 261, 229, 258, 200, 229, 229, 200, 200, 229, 229, 200, 229, 258, 200, 229, 229, 229, 200, 200, 258, 258, 258, 229, 229, 229, 229, 261, 261, 229, 200, 229, 229, 229, 229, 261, 229, 229, 200, 200, 200, 200, 261, 258, 261, 261, 258, 200, 261, 261, 114, 261, 114, 261, 258, 114, 262, 261, 262, 114, 114, 114, 114, 262, 262, 262, 114, 114, 114, 262, 262, 114, 280, 280, 81, 81, 280, 280, 280, 81, 325, 81, 258, 258, 258, 81, 325, 81, 325, 81, 280, 280, 280, 280, 280, 325, 325, 325, 356, 335, 335, 368, 368, 335, 335, 335, 335, 335, 335, 335, 335, 335, 325, 325, 325, 280, 280, 325, 325, 325, 325, 325, 368, 335, 81, 335, 335, 335, 368, 335, 335, 335, 325, 325, 325, 325, 325, 325, 401, 325, 356, 335, 356, 335, 335, 335, 335, 368, 368, 368, 368, 356, 356, 356, 356, 325, 356, 368, 368, 368, 368, 368, 368, 368, 368, 368, 368, 368, 356, 356, 401, 401, 401, 401, 356, 356, 356, 368, 368, 368, 368, 368, 368, 368, 368, 368, 368, 368, 368, 437, 437, 356, 437, 401, 401, 401, 401, 401, 401, 401, 401, 401, 401, 401, 401, 401, 401, 401, 401, 437, 437, 437, 437, 368, 368, 437, 401, 437, 437, 437, 437, 401, 401, 437, 401, 401, 401, 401, 401, 437, 437, 437, 437, 437, 437, 437, 437, 437, 401, 401, 401, 401, 401, 258, 114, 258, 114, 229, 200] 
FO Weighted Sum = 0.08634967580332287 
FO1             = 0.0849844433056184 
FO2             = 0.08771490830102761 
DMAX            = Any[3436.0, 2571.0, 4026.0, 3236.0, 2263.0, 4285.0, 4009.0, 2752.0, 3219.0, 2755.0, 1717.0, 2241.0, 2734.0, 2779.0, 2039.0] 
Archivo [3] 
C               = [0, 0, 0, 0, 0, 0, 0, 0, 0, 0, 0, 0, 0, 0, 0, 0, 0, 0, 0, 0, 0, 0, 0, 0, 0, 0, 0, 0, 0, 0, 0, 0, 0, 0, 0, 0, 0, 0, 0, 0, 0, 0, 0, 0, 0, 0, 0, 0, 0, 0, 0, 0, 0, 0, 0, 0, 0, 0, 0, 0, 0, 0, 0, 0, 0, 0, 0, 0, 0, 0, 0, 0, 0, 0, 0, 0, 0, 0, 0, 0, 1, 0, 0, 0, 0, 0, 0, 0, 0, 0, 0, 0, 0, 0, 0, 0, 0, 0, 0, 0, 0, 0, 0, 0, 0, 0, 0, 0, 0, 0, 0, 0, 0, 1, 0, 0, 0, 0, 0, 0, 0, 0, 0, 0, 0, 1, 0, 0, 0, 0, 0, 0, 0, 0, 0, 0, 0, 0, 0, 0, 0, 0, 0, 0, 0, 0, 0, 0, 0, 0, 0, 0, 0, 0, 0, 0, 0, 0, 0, 0, 0, 0, 0, 0, 0, 0, 0, 0, 0, 0, 0, 0, 0, 0, 0, 0, 0, 0, 0, 0, 0, 0, 0, 0, 0, 0, 0, 0, 0, 0, 0, 0, 0, 0, 0, 0, 0, 0, 0, 1, 0, 0, 0, 0, 0, 0, 0, 0, 0, 0, 0, 0, 0, 0, 0, 0, 0, 0, 0, 0, 0, 0, 0, 0, 0, 0, 0, 0, 1, 0, 0, 0, 0, 0, 0, 0, 0, 0, 0, 0, 0, 0, 0, 0, 0, 0, 0, 0, 0, 0, 0, 0, 0, 0, 0, 0, 0, 1, 0, 0, 1, 1, 0, 0, 0, 0, 0, 0, 0, 0, 0, 0, 0, 0, 0, 0, 0, 0, 0, 1, 0, 0, 0, 0, 0, 0, 0, 0, 0, 0, 0, 0, 0, 0, 0, 0, 0, 0, 0, 0, 0, 0, 0, 0, 0, 0, 0, 0, 1, 0, 0, 0, 0, 0, 0, 0, 0, 0, 0, 0, 0, 0, 0, 0, 1, 0, 0, 0, 0, 0, 0, 0, 0, 0, 0, 0, 0, 0, 0, 0, 0, 0, 0, 0, 0, 0, 0, 0, 0, 0, 0, 0, 0, 0, 0, 1, 0, 0, 0, 0, 0, 0, 0, 0, 0, 0, 0, 1, 0, 0, 0, 0, 0, 0, 0, 0, 0, 0, 0, 0, 0, 0, 0, 0, 0, 0, 0, 0, 0, 0, 0, 0, 0, 0, 0, 0, 0, 0, 0, 0, 1, 0, 0, 0, 0, 0, 0, 0, 0, 0, 0, 0, 0, 0, 0, 0, 0, 0, 0, 0, 0, 0, 0, 0, 0, 0, 0, 0, 0, 0, 0, 0, 0, 0, 0, 0, 1, 0, 0, 0, 0, 0, 0, 0, 0, 0, 0, 0, 0, 0, 0, 0] 
E               = [261, 200, 114, 126, 126, 114, 261, 114, 126, 114, 114, 114, 258, 258, 261, 126, 126, 126, 126, 126, 261, 261, 261, 261, 126, 114, 126, 261, 114, 114, 114, 126, 126, 261, 261, 258, 261, 81, 126, 126, 114, 126, 262, 261, 258, 81, 81, 114, 261, 258, 81, 262, 258, 81, 262, 280, 258, 258, 280, 261, 81, 258, 81, 81, 262, 258, 258, 309, 81, 81, 81, 258, 258, 309, 258, 81, 258, 261, 81, 81, 81, 114, 81, 81, 126, 114, 262, 262, 262, 262, 262, 262, 262, 262, 262, 262, 262, 114, 114, 262, 262, 262, 261, 262, 262, 262, 114, 114, 262, 114, 261, 114, 114, 114, 114, 114, 114, 114, 114, 126, 126, 114, 126, 126, 126, 126, 126, 126, 126, 114, 126, 126, 126, 280, 126, 126, 126, 126, 81, 126, 280, 81, 126, 126, 126, 81, 126, 126, 280, 81, 81, 81, 81, 81, 81, 81, 81, 126, 126, 261, 81, 81, 126, 81, 280, 258, 258, 258, 81, 258, 81, 258, 81, 126, 81, 262, 258, 258, 81, 81, 81, 309, 261, 258, 258, 258, 258, 258, 258, 258, 258, 229, 229, 261, 261, 261, 229, 229, 200, 261, 261, 200, 229, 200, 261, 229, 258, 200, 229, 229, 200, 200, 229, 229, 200, 229, 258, 200, 229, 229, 229, 200, 200, 258, 258, 258, 229, 229, 229, 229, 261, 261, 229, 200, 229, 229, 229, 229, 261, 229, 229, 200, 200, 200, 200, 261, 258, 261, 261, 258, 200, 261, 261, 114, 261, 114, 261, 258, 114, 262, 261, 262, 114, 114, 114, 114, 262, 262, 262, 114, 114, 114, 262, 262, 114, 280, 280, 81, 81, 280, 280, 280, 81, 309, 81, 258, 309, 309, 309, 309, 81, 325, 81, 280, 280, 280, 280, 280, 325, 325, 325, 356, 325, 309, 309, 309, 309, 309, 309, 309, 309, 309, 309, 309, 325, 325, 325, 325, 280, 280, 325, 325, 325, 325, 325, 368, 309, 309, 309, 309, 309, 309, 309, 368, 368, 325, 325, 325, 325, 325, 325, 401, 325, 356, 356, 356, 325, 309, 309, 368, 309, 309, 368, 368, 356, 356, 356, 356, 325, 356, 368, 368, 368, 368, 368, 368, 368, 368, 368, 368, 368, 356, 356, 401, 401, 401, 401, 356, 356, 356, 368, 368, 368, 368, 368, 368, 368, 368, 368, 368, 368, 368, 437, 437, 356, 437, 401, 401, 401, 401, 401, 401, 401, 401, 401, 401, 401, 401, 401, 401, 401, 401, 437, 437, 437, 437, 368, 368, 437, 401, 437, 437, 437, 437, 401, 401, 437, 401, 401, 401, 401, 401, 437, 437, 437, 437, 437, 437, 437, 437, 437, 401, 401, 401, 401, 401, 258, 114, 258, 114, 229, 200] 
FO Weighted Sum = 0.08998264309211601 
FO1             = 0.07838586281172547 
FO2             = 0.10157942337250662 
DMAX            = Any[2702.0, 2571.0, 4026.0, 3236.0, 2263.0, 3982.0, 4009.0, 2752.0, 3001.0, 3278.0, 2133.0, 2241.0, 2162.0, 2779.0, 2039.0] 
Archivo [4] 
C               = [0, 0, 0, 0, 0, 0, 0, 0, 0, 0, 0, 0, 0, 0, 0, 0, 0, 0, 0, 0, 0, 0, 0, 0, 0, 0, 0, 0, 0, 0, 0, 0, 0, 0, 0, 0, 0, 0, 0, 0, 0, 0, 0, 0, 0, 0, 0, 0, 0, 0, 0, 0, 0, 0, 0, 0, 0, 0, 0, 0, 0, 0, 0, 0, 0, 0, 0, 0, 0, 0, 0, 0, 0, 0, 0, 0, 0, 0, 0, 0, 1, 0, 0, 0, 0, 0, 0, 0, 0, 0, 0, 0, 0, 0, 0, 0, 0, 0, 0, 0, 1, 0, 0, 0, 0, 0, 0, 0, 0, 0, 0, 0, 0, 1, 0, 0, 0, 0, 0, 0, 0, 0, 0, 0, 0, 1, 0, 0, 0, 0, 0, 0, 0, 0, 0, 0, 0, 0, 0, 0, 0, 0, 0, 0, 0, 0, 0, 0, 0, 0, 0, 0, 0, 0, 0, 0, 0, 0, 0, 0, 0, 0, 0, 0, 0, 0, 0, 0, 0, 0, 0, 0, 0, 0, 0, 0, 0, 0, 0, 0, 0, 0, 0, 0, 0, 0, 0, 0, 0, 0, 0, 0, 0, 0, 0, 0, 0, 0, 0, 1, 0, 0, 0, 0, 0, 0, 0, 0, 0, 0, 0, 0, 0, 0, 0, 0, 0, 0, 0, 0, 0, 0, 0, 0, 0, 0, 0, 0, 1, 0, 0, 0, 0, 0, 0, 0, 0, 0, 0, 0, 0, 0, 0, 0, 0, 0, 0, 0, 0, 0, 0, 0, 0, 0, 0, 0, 0, 1, 0, 0, 1, 0, 0, 0, 0, 0, 0, 0, 0, 0, 0, 0, 0, 0, 0, 0, 0, 0, 0, 1, 0, 0, 0, 0, 0, 0, 0, 0, 0, 0, 0, 0, 0, 0, 0, 0, 0, 0, 0, 0, 0, 0, 0, 0, 0, 0, 0, 0, 0, 0, 0, 0, 0, 0, 0, 0, 0, 0, 0, 0, 0, 0, 0, 0, 1, 0, 0, 0, 0, 0, 0, 0, 0, 0, 1, 0, 0, 0, 0, 0, 0, 0, 0, 0, 0, 0, 0, 0, 0, 0, 0, 0, 0, 0, 0, 1, 0, 0, 0, 0, 0, 0, 0, 0, 0, 0, 0, 1, 0, 0, 0, 0, 0, 0, 0, 0, 0, 0, 0, 0, 0, 0, 0, 0, 0, 0, 0, 0, 0, 0, 0, 0, 0, 0, 0, 0, 0, 0, 0, 0, 1, 0, 0, 0, 0, 0, 0, 0, 0, 0, 0, 0, 0, 0, 0, 0, 0, 0, 0, 0, 0, 0, 0, 0, 0, 0, 0, 0, 0, 0, 0, 0, 0, 0, 0, 0, 1, 0, 0, 0, 0, 0, 0, 0, 0, 0, 0, 0, 0, 0, 0, 0] 
E               = [261, 200, 114, 126, 126, 114, 261, 114, 126, 114, 114, 114, 258, 258, 261, 126, 126, 126, 126, 126, 261, 261, 261, 261, 126, 114, 126, 261, 114, 114, 114, 126, 126, 261, 126, 258, 261, 81, 126, 126, 101, 126, 101, 261, 258, 81, 280, 114, 261, 258, 81, 101, 258, 81, 101, 280, 258, 258, 280, 261, 81, 258, 81, 81, 114, 258, 258, 81, 81, 81, 81, 258, 258, 81, 258, 81, 258, 261, 81, 81, 81, 114, 81, 81, 126, 114, 101, 101, 101, 101, 101, 101, 101, 101, 101, 101, 101, 114, 114, 101, 101, 101, 261, 101, 101, 101, 114, 114, 101, 101, 261, 114, 114, 114, 114, 114, 114, 114, 114, 126, 126, 114, 126, 126, 126, 126, 126, 126, 126, 114, 126, 126, 126, 280, 126, 126, 126, 126, 280, 126, 280, 81, 126, 126, 126, 81, 126, 126, 280, 81, 81, 81, 81, 81, 81, 81, 81, 126, 280, 261, 81, 81, 126, 81, 280, 258, 258, 258, 81, 258, 81, 258, 81, 126, 81, 114, 258, 258, 81, 81, 81, 325, 261, 258, 258, 258, 258, 258, 258, 258, 258, 229, 229, 261, 261, 261, 229, 229, 200, 261, 261, 200, 229, 200, 261, 229, 258, 200, 229, 229, 200, 200, 229, 229, 200, 229, 258, 200, 229, 229, 229, 200, 200, 258, 258, 258, 229, 229, 229, 229, 261, 261, 229, 200, 229, 229, 229, 229, 261, 229, 229, 200, 200, 200, 200, 261, 258, 261, 261, 258, 200, 261, 261, 114, 261, 114, 261, 258, 114, 101, 261, 101, 114, 114, 114, 114, 114, 101, 114, 101, 114, 114, 101, 114, 114, 280, 280, 81, 81, 280, 280, 280, 81, 325, 81, 258, 258, 258, 81, 325, 81, 325, 81, 280, 280, 280, 280, 280, 325, 325, 325, 356, 335, 335, 368, 368, 335, 335, 335, 335, 335, 335, 335, 335, 335, 325, 325, 325, 280, 280, 325, 325, 325, 325, 325, 368, 335, 81, 335, 335, 335, 368, 335, 335, 335, 325, 325, 325, 325, 325, 325, 401, 325, 356, 335, 356, 335, 335, 335, 335, 368, 368, 368, 368, 356, 356, 356, 356, 325, 356, 368, 368, 368, 368, 368, 368, 368, 368, 368, 368, 368, 356, 356, 401, 401, 401, 401, 356, 356, 356, 368, 368, 368, 368, 368, 368, 368, 368, 368, 368, 368, 368, 437, 437, 356, 437, 401, 401, 401, 401, 401, 401, 401, 401, 401, 401, 401, 401, 401, 401, 401, 401, 437, 437, 437, 437, 368, 368, 437, 401, 437, 437, 437, 437, 401, 401, 437, 401, 401, 401, 401, 401, 437, 437, 437, 437, 437, 437, 437, 437, 437, 401, 401, 401, 401, 401, 258, 101, 258, 114, 229, 200] 
FO Weighted Sum = 0.08581827372666961 
FO1             = 0.08392163915229875 
FO2             = 0.08771490830104044 
DMAX            = Any[3436.0, 2721.0, 2896.0, 4026.0, 3236.0, 2263.0, 4285.0, 4009.0, 3219.0, 2755.0, 1717.0, 2241.0, 2734.0, 2779.0, 2039.0] 
